
RNUM_2:  Bn:4 NP:1
PO[01]: 0x00 00 00 00 00 00 00 00 00 00 00 00 00 00 00 05 
SO[01]: 0x00 00 00 00 00 00 00 00 00 00 00 00 00 00 00 04   w: 2

PO[02]: 0x00 00 00 04 00 00 00 00 00 00 00 00 00 00 00 00 
SO[02]: 0x00 00 00 03 00 00 00 00 00 00 00 00 00 00 00 00   w: 2




RNUM_3:  Bn:7 NP:1
PO[01]: 0x00 00 00 00 00 00 00 00 00 00 00 00 00 00 00 05 
SO[01]: 0x00 00 00 00 00 00 00 00 00 00 00 00 00 00 00 08   w: 2

PO[02]: 0x00 00 08 00 00 00 00 00 00 00 00 00 00 00 00 00 
SO[02]: 0x00 00 01 00 00 00 00 00 00 00 00 00 00 00 00 00   w: 3

PO[03]: 0x00 00 01 00 00 00 00 00 00 00 00 00 00 00 00 00 
SO[03]: 0x00 00 06 00 00 00 00 00 00 00 00 00 00 00 00 00   w: 2




RNUM_4:  Bn:10 NP:2
PO[01]: 0x06 00 00 00 00 00 00 00 00 00 00 00 00 00 00 00 
SO[01]: 0x02 00 00 00 00 00 00 00 00 00 00 00 00 00 00 00   w: 2

PO[02]: 0x00 00 00 00 00 00 00 00 00 00 00 00 00 00 00 02 
SO[02]: 0x00 00 00 00 00 00 00 00 00 00 00 00 00 00 00 08   w: 3

PO[03]: 0x00 00 08 00 00 00 00 00 00 00 00 00 00 00 00 00 
SO[03]: 0x00 00 01 00 00 00 00 00 00 00 00 00 00 00 00 00   w: 3

PO[04]: 0x00 00 01 00 00 00 00 00 00 00 00 00 00 00 00 00 
SO[04]: 0x00 00 06 00 00 00 00 00 00 00 00 00 00 00 00 00   w: 2




RNUM_5:  Bn:14 NP:2
PO[01]: 0x06 00 00 00 00 00 00 00 00 00 00 00 00 00 00 00 
SO[01]: 0x02 00 00 00 00 00 00 00 00 00 00 00 00 00 00 00   w: 2

PO[02]: 0x00 00 00 00 00 00 00 00 00 00 00 00 00 00 00 02 
SO[02]: 0x00 00 00 00 00 00 00 00 00 00 00 00 00 00 00 08   w: 3

PO[03]: 0x00 00 08 00 00 00 00 00 00 00 00 00 00 00 00 00 
SO[03]: 0x00 00 01 00 00 00 00 00 00 00 00 00 00 00 00 00   w: 3

PO[04]: 0x00 00 01 00 00 00 00 00 00 00 00 00 00 00 00 00 
SO[04]: 0x00 00 06 00 00 00 00 00 00 00 00 00 00 00 00 00   w: 2

PO[05]: 0x00 02 00 00 00 00 04 00 00 00 00 00 00 00 00 00 
SO[05]: 0x00 0d 00 00 00 00 03 00 00 00 00 00 00 00 00 00   w: 4




RNUM_6:  Bn:18 NP:3
PO[01]: 0x00 06 00 00 00 00 00 00 00 00 00 00 05 00 00 00 
SO[01]: 0x00 02 00 00 00 00 00 00 00 00 00 00 04 00 00 00   w: 4

PO[02]: 0x06 00 00 00 00 00 00 00 00 00 00 00 00 00 00 00 
SO[02]: 0x02 00 00 00 00 00 00 00 00 00 00 00 00 00 00 00   w: 2

PO[03]: 0x00 00 00 00 00 00 00 00 00 00 00 00 00 00 00 02 
SO[03]: 0x00 00 00 00 00 00 00 00 00 00 00 00 00 00 00 08   w: 3

PO[04]: 0x00 00 08 00 00 00 00 00 00 00 00 00 00 00 00 00 
SO[04]: 0x00 00 01 00 00 00 00 00 00 00 00 00 00 00 00 00   w: 3

PO[05]: 0x00 00 01 00 00 00 00 00 00 00 00 00 00 00 00 00 
SO[05]: 0x00 00 06 00 00 00 00 00 00 00 00 00 00 00 00 00   w: 2

PO[06]: 0x00 02 00 00 00 00 04 00 00 00 00 00 00 00 00 00 
SO[06]: 0x00 0d 00 00 00 00 03 00 00 00 00 00 00 00 00 00   w: 4




RNUM_7:  Bn:25 NP:3
PO[01]: 0x00 06 00 00 00 00 00 00 00 00 00 00 05 00 00 00 
SO[01]: 0x00 02 00 00 00 00 00 00 00 00 00 00 04 00 00 00   w: 4

PO[02]: 0x06 00 00 00 00 00 00 00 00 00 00 00 00 00 00 00 
SO[02]: 0x02 00 00 00 00 00 00 00 00 00 00 00 00 00 00 00   w: 2

PO[03]: 0x00 00 00 00 00 00 00 00 00 00 00 00 00 00 00 02 
SO[03]: 0x00 00 00 00 00 00 00 00 00 00 00 00 00 00 00 08   w: 3

PO[04]: 0x00 00 08 00 00 00 00 00 00 00 00 00 00 00 00 00 
SO[04]: 0x00 00 01 00 00 00 00 00 00 00 00 00 00 00 00 00   w: 3

PO[05]: 0x00 00 01 00 00 00 00 00 00 00 00 00 00 00 00 00 
SO[05]: 0x00 00 06 00 00 00 00 00 00 00 00 00 00 00 00 00   w: 2

PO[06]: 0x00 02 00 00 00 00 04 00 00 00 00 00 00 00 00 00 
SO[06]: 0x00 06 00 00 00 00 03 00 00 00 00 00 00 00 00 00   w: 5

PO[07]: 0x02 00 00 00 00 06 01 00 00 00 00 00 00 00 00 00 
SO[07]: 0x0d 00 00 00 00 02 06 00 00 00 00 00 00 00 00 00   w: 6




RNUM_8:  Bn:31 NP:5
PO[01]: 0x00 00 00 06 00 00 00 00 00 00 00 00 00 00 01 00 
SO[01]: 0x00 00 00 02 00 00 00 00 00 00 00 00 00 00 06 00   w: 4

PO[02]: 0x00 00 06 00 00 00 00 00 00 00 00 00 00 02 00 00 
SO[02]: 0x00 00 02 00 00 00 00 00 00 00 00 00 00 06 00 00   w: 5

PO[03]: 0x00 06 00 00 00 00 00 00 00 00 00 00 02 00 00 00 
SO[03]: 0x00 02 00 00 00 00 00 00 00 00 00 00 0c 00 00 00   w: 5

PO[04]: 0x06 00 00 00 00 00 00 00 00 00 00 00 00 00 00 08 
SO[04]: 0x02 00 00 00 00 00 00 00 00 00 00 00 00 00 00 01   w: 5

PO[05]: 0x00 00 00 00 00 00 00 00 00 00 00 00 00 00 00 03 
SO[05]: 0x00 00 00 00 00 00 00 00 00 00 00 00 00 00 00 08   w: 3

PO[06]: 0x00 00 08 00 00 00 00 00 00 00 00 00 00 00 00 00 
SO[06]: 0x00 00 01 00 00 00 00 00 00 00 00 00 00 00 00 00   w: 3

PO[07]: 0x00 00 01 00 00 00 00 00 00 00 00 00 00 00 00 00 
SO[07]: 0x00 00 06 00 00 00 00 00 00 00 00 00 00 00 00 00   w: 2

PO[08]: 0x00 02 00 00 00 00 04 00 00 00 00 00 00 00 00 00 
SO[08]: 0x00 0d 00 00 00 00 03 00 00 00 00 00 00 00 00 00   w: 4




RNUM_9:  Bn:36 NP:6
PO[01]: 0x00 00 00 00 06 00 00 00 00 00 00 00 00 00 00 01 
SO[01]: 0x00 00 00 00 02 00 00 00 00 00 00 00 00 00 00 06   w: 4

PO[02]: 0x00 00 00 06 00 00 00 00 00 00 00 00 00 00 02 00 
SO[02]: 0x00 00 00 02 00 00 00 00 00 00 00 00 00 00 06 00   w: 5

PO[03]: 0x00 00 06 00 00 00 00 00 00 00 00 00 00 02 00 00 
SO[03]: 0x00 00 02 00 00 00 00 00 00 00 00 00 00 06 00 00   w: 5

PO[04]: 0x00 06 00 00 00 00 00 00 00 00 00 00 02 00 00 00 
SO[04]: 0x00 02 00 00 00 00 00 00 00 00 00 00 0c 00 00 00   w: 5

PO[05]: 0x06 00 00 00 00 00 00 00 00 00 00 00 00 00 00 08 
SO[05]: 0x02 00 00 00 00 00 00 00 00 00 00 00 00 00 00 01   w: 5

PO[06]: 0x00 00 00 00 00 00 00 00 00 00 00 00 00 00 00 03 
SO[06]: 0x00 00 00 00 00 00 00 00 00 00 00 00 00 00 00 08   w: 3

PO[07]: 0x00 00 08 00 00 00 00 00 00 00 00 00 00 00 00 00 
SO[07]: 0x00 00 01 00 00 00 00 00 00 00 00 00 00 00 00 00   w: 3

PO[08]: 0x00 00 01 00 00 00 00 00 00 00 00 00 00 00 00 00 
SO[08]: 0x00 00 06 00 00 00 00 00 00 00 00 00 00 00 00 00   w: 2

PO[09]: 0x00 02 00 00 00 00 04 00 00 00 00 00 00 00 00 00 
SO[09]: 0x00 0d 00 00 00 00 03 00 00 00 00 00 00 00 00 00   w: 4




RNUM_10:  Bn:41 NP:7
PO[01]: 0x01 00 00 00 00 06 00 00 00 00 00 00 00 00 00 00 
SO[01]: 0x06 00 00 00 00 02 00 00 00 00 00 00 00 00 00 00   w: 4

PO[02]: 0x00 00 00 00 06 00 00 00 00 00 00 00 00 00 00 02 
SO[02]: 0x00 00 00 00 02 00 00 00 00 00 00 00 00 00 00 06   w: 5

PO[03]: 0x00 00 00 06 00 00 00 00 00 00 00 00 00 00 02 00 
SO[03]: 0x00 00 00 02 00 00 00 00 00 00 00 00 00 00 06 00   w: 5

PO[04]: 0x00 00 06 00 00 00 00 00 00 00 00 00 00 02 00 00 
SO[04]: 0x00 00 02 00 00 00 00 00 00 00 00 00 00 06 00 00   w: 5

PO[05]: 0x00 06 00 00 00 00 00 00 00 00 00 00 02 00 00 00 
SO[05]: 0x00 02 00 00 00 00 00 00 00 00 00 00 0c 00 00 00   w: 5

PO[06]: 0x06 00 00 00 00 00 00 00 00 00 00 00 00 00 00 08 
SO[06]: 0x02 00 00 00 00 00 00 00 00 00 00 00 00 00 00 01   w: 5

PO[07]: 0x00 00 00 00 00 00 00 00 00 00 00 00 00 00 00 03 
SO[07]: 0x00 00 00 00 00 00 00 00 00 00 00 00 00 00 00 08   w: 3

PO[08]: 0x00 00 08 00 00 00 00 00 00 00 00 00 00 00 00 00 
SO[08]: 0x00 00 01 00 00 00 00 00 00 00 00 00 00 00 00 00   w: 3

PO[09]: 0x00 00 01 00 00 00 00 00 00 00 00 00 00 00 00 00 
SO[09]: 0x00 00 06 00 00 00 00 00 00 00 00 00 00 00 00 00   w: 2

PO[10]: 0x00 02 00 00 00 00 04 00 00 00 00 00 00 00 00 00 
SO[10]: 0x00 0d 00 00 00 00 03 00 00 00 00 00 00 00 00 00   w: 4




RNUM_11:  Bn:46 NP:8
PO[01]: 0x00 01 00 00 00 00 06 00 00 00 00 00 00 00 00 00 
SO[01]: 0x00 06 00 00 00 00 02 00 00 00 00 00 00 00 00 00   w: 4

PO[02]: 0x02 00 00 00 00 06 00 00 00 00 00 00 00 00 00 00 
SO[02]: 0x06 00 00 00 00 02 00 00 00 00 00 00 00 00 00 00   w: 5

PO[03]: 0x00 00 00 00 06 00 00 00 00 00 00 00 00 00 00 02 
SO[03]: 0x00 00 00 00 02 00 00 00 00 00 00 00 00 00 00 06   w: 5

PO[04]: 0x00 00 00 06 00 00 00 00 00 00 00 00 00 00 02 00 
SO[04]: 0x00 00 00 02 00 00 00 00 00 00 00 00 00 00 06 00   w: 5

PO[05]: 0x00 00 06 00 00 00 00 00 00 00 00 00 00 02 00 00 
SO[05]: 0x00 00 02 00 00 00 00 00 00 00 00 00 00 06 00 00   w: 5

PO[06]: 0x00 06 00 00 00 00 00 00 00 00 00 00 02 00 00 00 
SO[06]: 0x00 02 00 00 00 00 00 00 00 00 00 00 0c 00 00 00   w: 5

PO[07]: 0x06 00 00 00 00 00 00 00 00 00 00 00 00 00 00 08 
SO[07]: 0x02 00 00 00 00 00 00 00 00 00 00 00 00 00 00 01   w: 5

PO[08]: 0x00 00 00 00 00 00 00 00 00 00 00 00 00 00 00 03 
SO[08]: 0x00 00 00 00 00 00 00 00 00 00 00 00 00 00 00 08   w: 3

PO[09]: 0x00 00 08 00 00 00 00 00 00 00 00 00 00 00 00 00 
SO[09]: 0x00 00 01 00 00 00 00 00 00 00 00 00 00 00 00 00   w: 3

PO[10]: 0x00 00 01 00 00 00 00 00 00 00 00 00 00 00 00 00 
SO[10]: 0x00 00 06 00 00 00 00 00 00 00 00 00 00 00 00 00   w: 2

PO[11]: 0x00 02 00 00 00 00 04 00 00 00 00 00 00 00 00 00 
SO[11]: 0x00 0d 00 00 00 00 03 00 00 00 00 00 00 00 00 00   w: 4




RNUM_12:  Bn:51 NP:9
PO[01]: 0x00 00 01 00 00 00 00 06 00 00 00 00 00 00 00 00 
SO[01]: 0x00 00 06 00 00 00 00 02 00 00 00 00 00 00 00 00   w: 4

PO[02]: 0x00 02 00 00 00 00 06 00 00 00 00 00 00 00 00 00 
SO[02]: 0x00 06 00 00 00 00 02 00 00 00 00 00 00 00 00 00   w: 5

PO[03]: 0x02 00 00 00 00 06 00 00 00 00 00 00 00 00 00 00 
SO[03]: 0x06 00 00 00 00 02 00 00 00 00 00 00 00 00 00 00   w: 5

PO[04]: 0x00 00 00 00 06 00 00 00 00 00 00 00 00 00 00 02 
SO[04]: 0x00 00 00 00 02 00 00 00 00 00 00 00 00 00 00 06   w: 5

PO[05]: 0x00 00 00 06 00 00 00 00 00 00 00 00 00 00 02 00 
SO[05]: 0x00 00 00 02 00 00 00 00 00 00 00 00 00 00 06 00   w: 5

PO[06]: 0x00 00 06 00 00 00 00 00 00 00 00 00 00 02 00 00 
SO[06]: 0x00 00 02 00 00 00 00 00 00 00 00 00 00 06 00 00   w: 5

PO[07]: 0x00 06 00 00 00 00 00 00 00 00 00 00 02 00 00 00 
SO[07]: 0x00 02 00 00 00 00 00 00 00 00 00 00 0c 00 00 00   w: 5

PO[08]: 0x06 00 00 00 00 00 00 00 00 00 00 00 00 00 00 08 
SO[08]: 0x02 00 00 00 00 00 00 00 00 00 00 00 00 00 00 01   w: 5

PO[09]: 0x00 00 00 00 00 00 00 00 00 00 00 00 00 00 00 03 
SO[09]: 0x00 00 00 00 00 00 00 00 00 00 00 00 00 00 00 08   w: 3

PO[10]: 0x00 00 08 00 00 00 00 00 00 00 00 00 00 00 00 00 
SO[10]: 0x00 00 01 00 00 00 00 00 00 00 00 00 00 00 00 00   w: 3

PO[11]: 0x00 00 01 00 00 00 00 00 00 00 00 00 00 00 00 00 
SO[11]: 0x00 00 06 00 00 00 00 00 00 00 00 00 00 00 00 00   w: 2

PO[12]: 0x00 02 00 00 00 00 04 00 00 00 00 00 00 00 00 00 
SO[12]: 0x00 0d 00 00 00 00 03 00 00 00 00 00 00 00 00 00   w: 4




RNUM_13:  Bn:56 NP:10
PO[01]: 0x00 00 00 01 00 00 00 00 06 00 00 00 00 00 00 00 
SO[01]: 0x00 00 00 06 00 00 00 00 02 00 00 00 00 00 00 00   w: 4

PO[02]: 0x00 00 02 00 00 00 00 06 00 00 00 00 00 00 00 00 
SO[02]: 0x00 00 06 00 00 00 00 02 00 00 00 00 00 00 00 00   w: 5

PO[03]: 0x00 02 00 00 00 00 06 00 00 00 00 00 00 00 00 00 
SO[03]: 0x00 06 00 00 00 00 02 00 00 00 00 00 00 00 00 00   w: 5

PO[04]: 0x02 00 00 00 00 06 00 00 00 00 00 00 00 00 00 00 
SO[04]: 0x06 00 00 00 00 02 00 00 00 00 00 00 00 00 00 00   w: 5

PO[05]: 0x00 00 00 00 06 00 00 00 00 00 00 00 00 00 00 02 
SO[05]: 0x00 00 00 00 02 00 00 00 00 00 00 00 00 00 00 06   w: 5

PO[06]: 0x00 00 00 06 00 00 00 00 00 00 00 00 00 00 02 00 
SO[06]: 0x00 00 00 02 00 00 00 00 00 00 00 00 00 00 06 00   w: 5

PO[07]: 0x00 00 06 00 00 00 00 00 00 00 00 00 00 02 00 00 
SO[07]: 0x00 00 02 00 00 00 00 00 00 00 00 00 00 06 00 00   w: 5

PO[08]: 0x00 06 00 00 00 00 00 00 00 00 00 00 02 00 00 00 
SO[08]: 0x00 02 00 00 00 00 00 00 00 00 00 00 0c 00 00 00   w: 5

PO[09]: 0x06 00 00 00 00 00 00 00 00 00 00 00 00 00 00 08 
SO[09]: 0x02 00 00 00 00 00 00 00 00 00 00 00 00 00 00 01   w: 5

PO[10]: 0x00 00 00 00 00 00 00 00 00 00 00 00 00 00 00 03 
SO[10]: 0x00 00 00 00 00 00 00 00 00 00 00 00 00 00 00 08   w: 3

PO[11]: 0x00 00 08 00 00 00 00 00 00 00 00 00 00 00 00 00 
SO[11]: 0x00 00 01 00 00 00 00 00 00 00 00 00 00 00 00 00   w: 3

PO[12]: 0x00 00 01 00 00 00 00 00 00 00 00 00 00 00 00 00 
SO[12]: 0x00 00 06 00 00 00 00 00 00 00 00 00 00 00 00 00   w: 2

PO[13]: 0x00 02 00 00 00 00 04 00 00 00 00 00 00 00 00 00 
SO[13]: 0x00 0d 00 00 00 00 03 00 00 00 00 00 00 00 00 00   w: 4




RNUM_14:  Bn:61 NP:11
PO[01]: 0x00 00 00 00 01 00 00 00 00 06 00 00 00 00 00 00 
SO[01]: 0x00 00 00 00 06 00 00 00 00 02 00 00 00 00 00 00   w: 4

PO[02]: 0x00 00 00 02 00 00 00 00 06 00 00 00 00 00 00 00 
SO[02]: 0x00 00 00 06 00 00 00 00 02 00 00 00 00 00 00 00   w: 5

PO[03]: 0x00 00 02 00 00 00 00 06 00 00 00 00 00 00 00 00 
SO[03]: 0x00 00 06 00 00 00 00 02 00 00 00 00 00 00 00 00   w: 5

PO[04]: 0x00 02 00 00 00 00 06 00 00 00 00 00 00 00 00 00 
SO[04]: 0x00 06 00 00 00 00 02 00 00 00 00 00 00 00 00 00   w: 5

PO[05]: 0x02 00 00 00 00 06 00 00 00 00 00 00 00 00 00 00 
SO[05]: 0x06 00 00 00 00 02 00 00 00 00 00 00 00 00 00 00   w: 5

PO[06]: 0x00 00 00 00 06 00 00 00 00 00 00 00 00 00 00 02 
SO[06]: 0x00 00 00 00 02 00 00 00 00 00 00 00 00 00 00 06   w: 5

PO[07]: 0x00 00 00 06 00 00 00 00 00 00 00 00 00 00 02 00 
SO[07]: 0x00 00 00 02 00 00 00 00 00 00 00 00 00 00 06 00   w: 5

PO[08]: 0x00 00 06 00 00 00 00 00 00 00 00 00 00 02 00 00 
SO[08]: 0x00 00 02 00 00 00 00 00 00 00 00 00 00 06 00 00   w: 5

PO[09]: 0x00 06 00 00 00 00 00 00 00 00 00 00 02 00 00 00 
SO[09]: 0x00 02 00 00 00 00 00 00 00 00 00 00 0c 00 00 00   w: 5

PO[10]: 0x06 00 00 00 00 00 00 00 00 00 00 00 00 00 00 08 
SO[10]: 0x02 00 00 00 00 00 00 00 00 00 00 00 00 00 00 01   w: 5

PO[11]: 0x00 00 00 00 00 00 00 00 00 00 00 00 00 00 00 03 
SO[11]: 0x00 00 00 00 00 00 00 00 00 00 00 00 00 00 00 08   w: 3

PO[12]: 0x00 00 08 00 00 00 00 00 00 00 00 00 00 00 00 00 
SO[12]: 0x00 00 01 00 00 00 00 00 00 00 00 00 00 00 00 00   w: 3

PO[13]: 0x00 00 01 00 00 00 00 00 00 00 00 00 00 00 00 00 
SO[13]: 0x00 00 06 00 00 00 00 00 00 00 00 00 00 00 00 00   w: 2

PO[14]: 0x00 02 00 00 00 00 04 00 00 00 00 00 00 00 00 00 
SO[14]: 0x00 0d 00 00 00 00 03 00 00 00 00 00 00 00 00 00   w: 4




RNUM_15:  Bn:66 NP:12
PO[01]: 0x00 00 00 00 00 01 00 00 00 00 06 00 00 00 00 00 
SO[01]: 0x00 00 00 00 00 06 00 00 00 00 02 00 00 00 00 00   w: 4

PO[02]: 0x00 00 00 00 02 00 00 00 00 06 00 00 00 00 00 00 
SO[02]: 0x00 00 00 00 06 00 00 00 00 02 00 00 00 00 00 00   w: 5

PO[03]: 0x00 00 00 02 00 00 00 00 06 00 00 00 00 00 00 00 
SO[03]: 0x00 00 00 06 00 00 00 00 02 00 00 00 00 00 00 00   w: 5

PO[04]: 0x00 00 02 00 00 00 00 06 00 00 00 00 00 00 00 00 
SO[04]: 0x00 00 06 00 00 00 00 02 00 00 00 00 00 00 00 00   w: 5

PO[05]: 0x00 02 00 00 00 00 06 00 00 00 00 00 00 00 00 00 
SO[05]: 0x00 06 00 00 00 00 02 00 00 00 00 00 00 00 00 00   w: 5

PO[06]: 0x02 00 00 00 00 06 00 00 00 00 00 00 00 00 00 00 
SO[06]: 0x06 00 00 00 00 02 00 00 00 00 00 00 00 00 00 00   w: 5

PO[07]: 0x00 00 00 00 06 00 00 00 00 00 00 00 00 00 00 02 
SO[07]: 0x00 00 00 00 02 00 00 00 00 00 00 00 00 00 00 06   w: 5

PO[08]: 0x00 00 00 06 00 00 00 00 00 00 00 00 00 00 02 00 
SO[08]: 0x00 00 00 02 00 00 00 00 00 00 00 00 00 00 06 00   w: 5

PO[09]: 0x00 00 06 00 00 00 00 00 00 00 00 00 00 02 00 00 
SO[09]: 0x00 00 02 00 00 00 00 00 00 00 00 00 00 06 00 00   w: 5

PO[10]: 0x00 06 00 00 00 00 00 00 00 00 00 00 02 00 00 00 
SO[10]: 0x00 02 00 00 00 00 00 00 00 00 00 00 0c 00 00 00   w: 5

PO[11]: 0x06 00 00 00 00 00 00 00 00 00 00 00 00 00 00 08 
SO[11]: 0x02 00 00 00 00 00 00 00 00 00 00 00 00 00 00 01   w: 5

PO[12]: 0x00 00 00 00 00 00 00 00 00 00 00 00 00 00 00 03 
SO[12]: 0x00 00 00 00 00 00 00 00 00 00 00 00 00 00 00 08   w: 3

PO[13]: 0x00 00 08 00 00 00 00 00 00 00 00 00 00 00 00 00 
SO[13]: 0x00 00 01 00 00 00 00 00 00 00 00 00 00 00 00 00   w: 3

PO[14]: 0x00 00 01 00 00 00 00 00 00 00 00 00 00 00 00 00 
SO[14]: 0x00 00 06 00 00 00 00 00 00 00 00 00 00 00 00 00   w: 2

PO[15]: 0x00 02 00 00 00 00 04 00 00 00 00 00 00 00 00 00 
SO[15]: 0x00 0d 00 00 00 00 03 00 00 00 00 00 00 00 00 00   w: 4




RNUM_16:  Bn:71 NP:13
PO[01]: 0x00 00 00 00 00 00 01 00 00 00 00 06 00 00 00 00 
SO[01]: 0x00 00 00 00 00 00 06 00 00 00 00 02 00 00 00 00   w: 4

PO[02]: 0x00 00 00 00 00 02 00 00 00 00 06 00 00 00 00 00 
SO[02]: 0x00 00 00 00 00 06 00 00 00 00 02 00 00 00 00 00   w: 5

PO[03]: 0x00 00 00 00 02 00 00 00 00 06 00 00 00 00 00 00 
SO[03]: 0x00 00 00 00 06 00 00 00 00 02 00 00 00 00 00 00   w: 5

PO[04]: 0x00 00 00 02 00 00 00 00 06 00 00 00 00 00 00 00 
SO[04]: 0x00 00 00 06 00 00 00 00 02 00 00 00 00 00 00 00   w: 5

PO[05]: 0x00 00 02 00 00 00 00 06 00 00 00 00 00 00 00 00 
SO[05]: 0x00 00 06 00 00 00 00 02 00 00 00 00 00 00 00 00   w: 5

PO[06]: 0x00 02 00 00 00 00 06 00 00 00 00 00 00 00 00 00 
SO[06]: 0x00 06 00 00 00 00 02 00 00 00 00 00 00 00 00 00   w: 5

PO[07]: 0x02 00 00 00 00 06 00 00 00 00 00 00 00 00 00 00 
SO[07]: 0x06 00 00 00 00 02 00 00 00 00 00 00 00 00 00 00   w: 5

PO[08]: 0x00 00 00 00 06 00 00 00 00 00 00 00 00 00 00 02 
SO[08]: 0x00 00 00 00 02 00 00 00 00 00 00 00 00 00 00 06   w: 5

PO[09]: 0x00 00 00 06 00 00 00 00 00 00 00 00 00 00 02 00 
SO[09]: 0x00 00 00 02 00 00 00 00 00 00 00 00 00 00 06 00   w: 5

PO[10]: 0x00 00 06 00 00 00 00 00 00 00 00 00 00 02 00 00 
SO[10]: 0x00 00 02 00 00 00 00 00 00 00 00 00 00 06 00 00   w: 5

PO[11]: 0x00 06 00 00 00 00 00 00 00 00 00 00 02 00 00 00 
SO[11]: 0x00 02 00 00 00 00 00 00 00 00 00 00 0c 00 00 00   w: 5

PO[12]: 0x06 00 00 00 00 00 00 00 00 00 00 00 00 00 00 08 
SO[12]: 0x02 00 00 00 00 00 00 00 00 00 00 00 00 00 00 01   w: 5

PO[13]: 0x00 00 00 00 00 00 00 00 00 00 00 00 00 00 00 03 
SO[13]: 0x00 00 00 00 00 00 00 00 00 00 00 00 00 00 00 08   w: 3

PO[14]: 0x00 00 08 00 00 00 00 00 00 00 00 00 00 00 00 00 
SO[14]: 0x00 00 01 00 00 00 00 00 00 00 00 00 00 00 00 00   w: 3

PO[15]: 0x00 00 01 00 00 00 00 00 00 00 00 00 00 00 00 00 
SO[15]: 0x00 00 06 00 00 00 00 00 00 00 00 00 00 00 00 00   w: 2

PO[16]: 0x00 02 00 00 00 00 04 00 00 00 00 00 00 00 00 00 
SO[16]: 0x00 0d 00 00 00 00 03 00 00 00 00 00 00 00 00 00   w: 4




RNUM_17:  Bn:76 NP:14
PO[01]: 0x00 00 00 00 00 00 00 01 00 00 00 00 06 00 00 00 
SO[01]: 0x00 00 00 00 00 00 00 06 00 00 00 00 02 00 00 00   w: 4

PO[02]: 0x00 00 00 00 00 00 02 00 00 00 00 06 00 00 00 00 
SO[02]: 0x00 00 00 00 00 00 06 00 00 00 00 02 00 00 00 00   w: 5

PO[03]: 0x00 00 00 00 00 02 00 00 00 00 06 00 00 00 00 00 
SO[03]: 0x00 00 00 00 00 06 00 00 00 00 02 00 00 00 00 00   w: 5

PO[04]: 0x00 00 00 00 02 00 00 00 00 06 00 00 00 00 00 00 
SO[04]: 0x00 00 00 00 06 00 00 00 00 02 00 00 00 00 00 00   w: 5

PO[05]: 0x00 00 00 02 00 00 00 00 06 00 00 00 00 00 00 00 
SO[05]: 0x00 00 00 06 00 00 00 00 02 00 00 00 00 00 00 00   w: 5

PO[06]: 0x00 00 02 00 00 00 00 06 00 00 00 00 00 00 00 00 
SO[06]: 0x00 00 06 00 00 00 00 02 00 00 00 00 00 00 00 00   w: 5

PO[07]: 0x00 02 00 00 00 00 06 00 00 00 00 00 00 00 00 00 
SO[07]: 0x00 06 00 00 00 00 02 00 00 00 00 00 00 00 00 00   w: 5

PO[08]: 0x02 00 00 00 00 06 00 00 00 00 00 00 00 00 00 00 
SO[08]: 0x06 00 00 00 00 02 00 00 00 00 00 00 00 00 00 00   w: 5

PO[09]: 0x00 00 00 00 06 00 00 00 00 00 00 00 00 00 00 02 
SO[09]: 0x00 00 00 00 02 00 00 00 00 00 00 00 00 00 00 06   w: 5

PO[10]: 0x00 00 00 06 00 00 00 00 00 00 00 00 00 00 02 00 
SO[10]: 0x00 00 00 02 00 00 00 00 00 00 00 00 00 00 06 00   w: 5

PO[11]: 0x00 00 06 00 00 00 00 00 00 00 00 00 00 02 00 00 
SO[11]: 0x00 00 02 00 00 00 00 00 00 00 00 00 00 06 00 00   w: 5

PO[12]: 0x00 06 00 00 00 00 00 00 00 00 00 00 02 00 00 00 
SO[12]: 0x00 02 00 00 00 00 00 00 00 00 00 00 0c 00 00 00   w: 5

PO[13]: 0x06 00 00 00 00 00 00 00 00 00 00 00 00 00 00 08 
SO[13]: 0x02 00 00 00 00 00 00 00 00 00 00 00 00 00 00 01   w: 5

PO[14]: 0x00 00 00 00 00 00 00 00 00 00 00 00 00 00 00 03 
SO[14]: 0x00 00 00 00 00 00 00 00 00 00 00 00 00 00 00 08   w: 3

PO[15]: 0x00 00 08 00 00 00 00 00 00 00 00 00 00 00 00 00 
SO[15]: 0x00 00 01 00 00 00 00 00 00 00 00 00 00 00 00 00   w: 3

PO[16]: 0x00 00 01 00 00 00 00 00 00 00 00 00 00 00 00 00 
SO[16]: 0x00 00 06 00 00 00 00 00 00 00 00 00 00 00 00 00   w: 2

PO[17]: 0x00 02 00 00 00 00 04 00 00 00 00 00 00 00 00 00 
SO[17]: 0x00 0d 00 00 00 00 03 00 00 00 00 00 00 00 00 00   w: 4




RNUM_18:  Bn:81 NP:15
PO[01]: 0x00 00 00 00 00 00 00 00 01 00 00 00 00 06 00 00 
SO[01]: 0x00 00 00 00 00 00 00 00 06 00 00 00 00 02 00 00   w: 4

PO[02]: 0x00 00 00 00 00 00 00 02 00 00 00 00 06 00 00 00 
SO[02]: 0x00 00 00 00 00 00 00 06 00 00 00 00 02 00 00 00   w: 5

PO[03]: 0x00 00 00 00 00 00 02 00 00 00 00 06 00 00 00 00 
SO[03]: 0x00 00 00 00 00 00 06 00 00 00 00 02 00 00 00 00   w: 5

PO[04]: 0x00 00 00 00 00 02 00 00 00 00 06 00 00 00 00 00 
SO[04]: 0x00 00 00 00 00 06 00 00 00 00 02 00 00 00 00 00   w: 5

PO[05]: 0x00 00 00 00 02 00 00 00 00 06 00 00 00 00 00 00 
SO[05]: 0x00 00 00 00 06 00 00 00 00 02 00 00 00 00 00 00   w: 5

PO[06]: 0x00 00 00 02 00 00 00 00 06 00 00 00 00 00 00 00 
SO[06]: 0x00 00 00 06 00 00 00 00 02 00 00 00 00 00 00 00   w: 5

PO[07]: 0x00 00 02 00 00 00 00 06 00 00 00 00 00 00 00 00 
SO[07]: 0x00 00 06 00 00 00 00 02 00 00 00 00 00 00 00 00   w: 5

PO[08]: 0x00 02 00 00 00 00 06 00 00 00 00 00 00 00 00 00 
SO[08]: 0x00 06 00 00 00 00 02 00 00 00 00 00 00 00 00 00   w: 5

PO[09]: 0x02 00 00 00 00 06 00 00 00 00 00 00 00 00 00 00 
SO[09]: 0x06 00 00 00 00 02 00 00 00 00 00 00 00 00 00 00   w: 5

PO[10]: 0x00 00 00 00 06 00 00 00 00 00 00 00 00 00 00 02 
SO[10]: 0x00 00 00 00 02 00 00 00 00 00 00 00 00 00 00 06   w: 5

PO[11]: 0x00 00 00 06 00 00 00 00 00 00 00 00 00 00 02 00 
SO[11]: 0x00 00 00 02 00 00 00 00 00 00 00 00 00 00 06 00   w: 5

PO[12]: 0x00 00 06 00 00 00 00 00 00 00 00 00 00 02 00 00 
SO[12]: 0x00 00 02 00 00 00 00 00 00 00 00 00 00 06 00 00   w: 5

PO[13]: 0x00 06 00 00 00 00 00 00 00 00 00 00 02 00 00 00 
SO[13]: 0x00 02 00 00 00 00 00 00 00 00 00 00 0c 00 00 00   w: 5

PO[14]: 0x06 00 00 00 00 00 00 00 00 00 00 00 00 00 00 08 
SO[14]: 0x02 00 00 00 00 00 00 00 00 00 00 00 00 00 00 01   w: 5

PO[15]: 0x00 00 00 00 00 00 00 00 00 00 00 00 00 00 00 03 
SO[15]: 0x00 00 00 00 00 00 00 00 00 00 00 00 00 00 00 08   w: 3

PO[16]: 0x00 00 08 00 00 00 00 00 00 00 00 00 00 00 00 00 
SO[16]: 0x00 00 01 00 00 00 00 00 00 00 00 00 00 00 00 00   w: 3

PO[17]: 0x00 00 01 00 00 00 00 00 00 00 00 00 00 00 00 00 
SO[17]: 0x00 00 06 00 00 00 00 00 00 00 00 00 00 00 00 00   w: 2

PO[18]: 0x00 02 00 00 00 00 04 00 00 00 00 00 00 00 00 00 
SO[18]: 0x00 0d 00 00 00 00 03 00 00 00 00 00 00 00 00 00   w: 4




RNUM_19:  Bn:86 NP:16
PO[01]: 0x00 00 00 00 00 00 00 00 00 01 00 00 00 00 06 00 
SO[01]: 0x00 00 00 00 00 00 00 00 00 06 00 00 00 00 02 00   w: 4

PO[02]: 0x00 00 00 00 00 00 00 00 02 00 00 00 00 06 00 00 
SO[02]: 0x00 00 00 00 00 00 00 00 06 00 00 00 00 02 00 00   w: 5

PO[03]: 0x00 00 00 00 00 00 00 02 00 00 00 00 06 00 00 00 
SO[03]: 0x00 00 00 00 00 00 00 06 00 00 00 00 02 00 00 00   w: 5

PO[04]: 0x00 00 00 00 00 00 02 00 00 00 00 06 00 00 00 00 
SO[04]: 0x00 00 00 00 00 00 06 00 00 00 00 02 00 00 00 00   w: 5

PO[05]: 0x00 00 00 00 00 02 00 00 00 00 06 00 00 00 00 00 
SO[05]: 0x00 00 00 00 00 06 00 00 00 00 02 00 00 00 00 00   w: 5

PO[06]: 0x00 00 00 00 02 00 00 00 00 06 00 00 00 00 00 00 
SO[06]: 0x00 00 00 00 06 00 00 00 00 02 00 00 00 00 00 00   w: 5

PO[07]: 0x00 00 00 02 00 00 00 00 06 00 00 00 00 00 00 00 
SO[07]: 0x00 00 00 06 00 00 00 00 02 00 00 00 00 00 00 00   w: 5

PO[08]: 0x00 00 02 00 00 00 00 06 00 00 00 00 00 00 00 00 
SO[08]: 0x00 00 06 00 00 00 00 02 00 00 00 00 00 00 00 00   w: 5

PO[09]: 0x00 02 00 00 00 00 06 00 00 00 00 00 00 00 00 00 
SO[09]: 0x00 06 00 00 00 00 02 00 00 00 00 00 00 00 00 00   w: 5

PO[10]: 0x02 00 00 00 00 06 00 00 00 00 00 00 00 00 00 00 
SO[10]: 0x06 00 00 00 00 02 00 00 00 00 00 00 00 00 00 00   w: 5

PO[11]: 0x00 00 00 00 06 00 00 00 00 00 00 00 00 00 00 02 
SO[11]: 0x00 00 00 00 02 00 00 00 00 00 00 00 00 00 00 06   w: 5

PO[12]: 0x00 00 00 06 00 00 00 00 00 00 00 00 00 00 02 00 
SO[12]: 0x00 00 00 02 00 00 00 00 00 00 00 00 00 00 06 00   w: 5

PO[13]: 0x00 00 06 00 00 00 00 00 00 00 00 00 00 02 00 00 
SO[13]: 0x00 00 02 00 00 00 00 00 00 00 00 00 00 06 00 00   w: 5

PO[14]: 0x00 06 00 00 00 00 00 00 00 00 00 00 02 00 00 00 
SO[14]: 0x00 02 00 00 00 00 00 00 00 00 00 00 0c 00 00 00   w: 5

PO[15]: 0x06 00 00 00 00 00 00 00 00 00 00 00 00 00 00 08 
SO[15]: 0x02 00 00 00 00 00 00 00 00 00 00 00 00 00 00 01   w: 5

PO[16]: 0x00 00 00 00 00 00 00 00 00 00 00 00 00 00 00 03 
SO[16]: 0x00 00 00 00 00 00 00 00 00 00 00 00 00 00 00 08   w: 3

PO[17]: 0x00 00 08 00 00 00 00 00 00 00 00 00 00 00 00 00 
SO[17]: 0x00 00 01 00 00 00 00 00 00 00 00 00 00 00 00 00   w: 3

PO[18]: 0x00 00 01 00 00 00 00 00 00 00 00 00 00 00 00 00 
SO[18]: 0x00 00 06 00 00 00 00 00 00 00 00 00 00 00 00 00   w: 2

PO[19]: 0x00 02 00 00 00 00 04 00 00 00 00 00 00 00 00 00 
SO[19]: 0x00 0d 00 00 00 00 03 00 00 00 00 00 00 00 00 00   w: 4




RNUM_20:  Bn:91 NP:17
PO[01]: 0x00 00 00 00 00 00 00 00 00 00 01 00 00 00 00 06 
SO[01]: 0x00 00 00 00 00 00 00 00 00 00 06 00 00 00 00 02   w: 4

PO[02]: 0x00 00 00 00 00 00 00 00 00 02 00 00 00 00 06 00 
SO[02]: 0x00 00 00 00 00 00 00 00 00 06 00 00 00 00 02 00   w: 5

PO[03]: 0x00 00 00 00 00 00 00 00 02 00 00 00 00 06 00 00 
SO[03]: 0x00 00 00 00 00 00 00 00 06 00 00 00 00 02 00 00   w: 5

PO[04]: 0x00 00 00 00 00 00 00 02 00 00 00 00 06 00 00 00 
SO[04]: 0x00 00 00 00 00 00 00 06 00 00 00 00 02 00 00 00   w: 5

PO[05]: 0x00 00 00 00 00 00 02 00 00 00 00 06 00 00 00 00 
SO[05]: 0x00 00 00 00 00 00 06 00 00 00 00 02 00 00 00 00   w: 5

PO[06]: 0x00 00 00 00 00 02 00 00 00 00 06 00 00 00 00 00 
SO[06]: 0x00 00 00 00 00 06 00 00 00 00 02 00 00 00 00 00   w: 5

PO[07]: 0x00 00 00 00 02 00 00 00 00 06 00 00 00 00 00 00 
SO[07]: 0x00 00 00 00 06 00 00 00 00 02 00 00 00 00 00 00   w: 5

PO[08]: 0x00 00 00 02 00 00 00 00 06 00 00 00 00 00 00 00 
SO[08]: 0x00 00 00 06 00 00 00 00 02 00 00 00 00 00 00 00   w: 5

PO[09]: 0x00 00 02 00 00 00 00 06 00 00 00 00 00 00 00 00 
SO[09]: 0x00 00 06 00 00 00 00 02 00 00 00 00 00 00 00 00   w: 5

PO[10]: 0x00 02 00 00 00 00 06 00 00 00 00 00 00 00 00 00 
SO[10]: 0x00 06 00 00 00 00 02 00 00 00 00 00 00 00 00 00   w: 5

PO[11]: 0x02 00 00 00 00 06 00 00 00 00 00 00 00 00 00 00 
SO[11]: 0x06 00 00 00 00 02 00 00 00 00 00 00 00 00 00 00   w: 5

PO[12]: 0x00 00 00 00 06 00 00 00 00 00 00 00 00 00 00 02 
SO[12]: 0x00 00 00 00 02 00 00 00 00 00 00 00 00 00 00 06   w: 5

PO[13]: 0x00 00 00 06 00 00 00 00 00 00 00 00 00 00 02 00 
SO[13]: 0x00 00 00 02 00 00 00 00 00 00 00 00 00 00 06 00   w: 5

PO[14]: 0x00 00 06 00 00 00 00 00 00 00 00 00 00 02 00 00 
SO[14]: 0x00 00 02 00 00 00 00 00 00 00 00 00 00 06 00 00   w: 5

PO[15]: 0x00 06 00 00 00 00 00 00 00 00 00 00 02 00 00 00 
SO[15]: 0x00 02 00 00 00 00 00 00 00 00 00 00 0c 00 00 00   w: 5

PO[16]: 0x06 00 00 00 00 00 00 00 00 00 00 00 00 00 00 08 
SO[16]: 0x02 00 00 00 00 00 00 00 00 00 00 00 00 00 00 01   w: 5

PO[17]: 0x00 00 00 00 00 00 00 00 00 00 00 00 00 00 00 03 
SO[17]: 0x00 00 00 00 00 00 00 00 00 00 00 00 00 00 00 08   w: 3

PO[18]: 0x00 00 08 00 00 00 00 00 00 00 00 00 00 00 00 00 
SO[18]: 0x00 00 01 00 00 00 00 00 00 00 00 00 00 00 00 00   w: 3

PO[19]: 0x00 00 01 00 00 00 00 00 00 00 00 00 00 00 00 00 
SO[19]: 0x00 00 06 00 00 00 00 00 00 00 00 00 00 00 00 00   w: 2

PO[20]: 0x00 02 00 00 00 00 04 00 00 00 00 00 00 00 00 00 
SO[20]: 0x00 0d 00 00 00 00 03 00 00 00 00 00 00 00 00 00   w: 4




RNUM_21:  Bn:96 NP:18
PO[01]: 0x06 00 00 00 00 00 00 00 00 00 00 01 00 00 00 00 
SO[01]: 0x02 00 00 00 00 00 00 00 00 00 00 06 00 00 00 00   w: 4

PO[02]: 0x00 00 00 00 00 00 00 00 00 00 02 00 00 00 00 06 
SO[02]: 0x00 00 00 00 00 00 00 00 00 00 06 00 00 00 00 02   w: 5

PO[03]: 0x00 00 00 00 00 00 00 00 00 02 00 00 00 00 06 00 
SO[03]: 0x00 00 00 00 00 00 00 00 00 06 00 00 00 00 02 00   w: 5

PO[04]: 0x00 00 00 00 00 00 00 00 02 00 00 00 00 06 00 00 
SO[04]: 0x00 00 00 00 00 00 00 00 06 00 00 00 00 02 00 00   w: 5

PO[05]: 0x00 00 00 00 00 00 00 02 00 00 00 00 06 00 00 00 
SO[05]: 0x00 00 00 00 00 00 00 06 00 00 00 00 02 00 00 00   w: 5

PO[06]: 0x00 00 00 00 00 00 02 00 00 00 00 06 00 00 00 00 
SO[06]: 0x00 00 00 00 00 00 06 00 00 00 00 02 00 00 00 00   w: 5

PO[07]: 0x00 00 00 00 00 02 00 00 00 00 06 00 00 00 00 00 
SO[07]: 0x00 00 00 00 00 06 00 00 00 00 02 00 00 00 00 00   w: 5

PO[08]: 0x00 00 00 00 02 00 00 00 00 06 00 00 00 00 00 00 
SO[08]: 0x00 00 00 00 06 00 00 00 00 02 00 00 00 00 00 00   w: 5

PO[09]: 0x00 00 00 02 00 00 00 00 06 00 00 00 00 00 00 00 
SO[09]: 0x00 00 00 06 00 00 00 00 02 00 00 00 00 00 00 00   w: 5

PO[10]: 0x00 00 02 00 00 00 00 06 00 00 00 00 00 00 00 00 
SO[10]: 0x00 00 06 00 00 00 00 02 00 00 00 00 00 00 00 00   w: 5

PO[11]: 0x00 02 00 00 00 00 06 00 00 00 00 00 00 00 00 00 
SO[11]: 0x00 06 00 00 00 00 02 00 00 00 00 00 00 00 00 00   w: 5

PO[12]: 0x02 00 00 00 00 06 00 00 00 00 00 00 00 00 00 00 
SO[12]: 0x06 00 00 00 00 02 00 00 00 00 00 00 00 00 00 00   w: 5

PO[13]: 0x00 00 00 00 06 00 00 00 00 00 00 00 00 00 00 02 
SO[13]: 0x00 00 00 00 02 00 00 00 00 00 00 00 00 00 00 06   w: 5

PO[14]: 0x00 00 00 06 00 00 00 00 00 00 00 00 00 00 02 00 
SO[14]: 0x00 00 00 02 00 00 00 00 00 00 00 00 00 00 06 00   w: 5

PO[15]: 0x00 00 06 00 00 00 00 00 00 00 00 00 00 02 00 00 
SO[15]: 0x00 00 02 00 00 00 00 00 00 00 00 00 00 06 00 00   w: 5

PO[16]: 0x00 06 00 00 00 00 00 00 00 00 00 00 02 00 00 00 
SO[16]: 0x00 02 00 00 00 00 00 00 00 00 00 00 0c 00 00 00   w: 5

PO[17]: 0x06 00 00 00 00 00 00 00 00 00 00 00 00 00 00 08 
SO[17]: 0x02 00 00 00 00 00 00 00 00 00 00 00 00 00 00 01   w: 5

PO[18]: 0x00 00 00 00 00 00 00 00 00 00 00 00 00 00 00 03 
SO[18]: 0x00 00 00 00 00 00 00 00 00 00 00 00 00 00 00 08   w: 3

PO[19]: 0x00 00 08 00 00 00 00 00 00 00 00 00 00 00 00 00 
SO[19]: 0x00 00 01 00 00 00 00 00 00 00 00 00 00 00 00 00   w: 3

PO[20]: 0x00 00 01 00 00 00 00 00 00 00 00 00 00 00 00 00 
SO[20]: 0x00 00 06 00 00 00 00 00 00 00 00 00 00 00 00 00   w: 2

PO[21]: 0x00 02 00 00 00 00 04 00 00 00 00 00 00 00 00 00 
SO[21]: 0x00 0d 00 00 00 00 03 00 00 00 00 00 00 00 00 00   w: 4




RNUM_22:  Bn:101 NP:19
PO[01]: 0x00 06 00 00 00 00 00 00 00 00 00 00 01 00 00 00 
SO[01]: 0x00 02 00 00 00 00 00 00 00 00 00 00 06 00 00 00   w: 4

PO[02]: 0x06 00 00 00 00 00 00 00 00 00 00 02 00 00 00 00 
SO[02]: 0x02 00 00 00 00 00 00 00 00 00 00 06 00 00 00 00   w: 5

PO[03]: 0x00 00 00 00 00 00 00 00 00 00 02 00 00 00 00 06 
SO[03]: 0x00 00 00 00 00 00 00 00 00 00 06 00 00 00 00 02   w: 5

PO[04]: 0x00 00 00 00 00 00 00 00 00 02 00 00 00 00 06 00 
SO[04]: 0x00 00 00 00 00 00 00 00 00 06 00 00 00 00 02 00   w: 5

PO[05]: 0x00 00 00 00 00 00 00 00 02 00 00 00 00 06 00 00 
SO[05]: 0x00 00 00 00 00 00 00 00 06 00 00 00 00 02 00 00   w: 5

PO[06]: 0x00 00 00 00 00 00 00 02 00 00 00 00 06 00 00 00 
SO[06]: 0x00 00 00 00 00 00 00 06 00 00 00 00 02 00 00 00   w: 5

PO[07]: 0x00 00 00 00 00 00 02 00 00 00 00 06 00 00 00 00 
SO[07]: 0x00 00 00 00 00 00 06 00 00 00 00 02 00 00 00 00   w: 5

PO[08]: 0x00 00 00 00 00 02 00 00 00 00 06 00 00 00 00 00 
SO[08]: 0x00 00 00 00 00 06 00 00 00 00 02 00 00 00 00 00   w: 5

PO[09]: 0x00 00 00 00 02 00 00 00 00 06 00 00 00 00 00 00 
SO[09]: 0x00 00 00 00 06 00 00 00 00 02 00 00 00 00 00 00   w: 5

PO[10]: 0x00 00 00 02 00 00 00 00 06 00 00 00 00 00 00 00 
SO[10]: 0x00 00 00 06 00 00 00 00 02 00 00 00 00 00 00 00   w: 5

PO[11]: 0x00 00 02 00 00 00 00 06 00 00 00 00 00 00 00 00 
SO[11]: 0x00 00 06 00 00 00 00 02 00 00 00 00 00 00 00 00   w: 5

PO[12]: 0x00 02 00 00 00 00 06 00 00 00 00 00 00 00 00 00 
SO[12]: 0x00 06 00 00 00 00 02 00 00 00 00 00 00 00 00 00   w: 5

PO[13]: 0x02 00 00 00 00 06 00 00 00 00 00 00 00 00 00 00 
SO[13]: 0x06 00 00 00 00 02 00 00 00 00 00 00 00 00 00 00   w: 5

PO[14]: 0x00 00 00 00 06 00 00 00 00 00 00 00 00 00 00 02 
SO[14]: 0x00 00 00 00 02 00 00 00 00 00 00 00 00 00 00 06   w: 5

PO[15]: 0x00 00 00 06 00 00 00 00 00 00 00 00 00 00 02 00 
SO[15]: 0x00 00 00 02 00 00 00 00 00 00 00 00 00 00 06 00   w: 5

PO[16]: 0x00 00 06 00 00 00 00 00 00 00 00 00 00 02 00 00 
SO[16]: 0x00 00 02 00 00 00 00 00 00 00 00 00 00 06 00 00   w: 5

PO[17]: 0x00 06 00 00 00 00 00 00 00 00 00 00 02 00 00 00 
SO[17]: 0x00 02 00 00 00 00 00 00 00 00 00 00 0c 00 00 00   w: 5

PO[18]: 0x06 00 00 00 00 00 00 00 00 00 00 00 00 00 00 08 
SO[18]: 0x02 00 00 00 00 00 00 00 00 00 00 00 00 00 00 01   w: 5

PO[19]: 0x00 00 00 00 00 00 00 00 00 00 00 00 00 00 00 03 
SO[19]: 0x00 00 00 00 00 00 00 00 00 00 00 00 00 00 00 08   w: 3

PO[20]: 0x00 00 08 00 00 00 00 00 00 00 00 00 00 00 00 00 
SO[20]: 0x00 00 01 00 00 00 00 00 00 00 00 00 00 00 00 00   w: 3

PO[21]: 0x00 00 01 00 00 00 00 00 00 00 00 00 00 00 00 00 
SO[21]: 0x00 00 06 00 00 00 00 00 00 00 00 00 00 00 00 00   w: 2

PO[22]: 0x00 02 00 00 00 00 04 00 00 00 00 00 00 00 00 00 
SO[22]: 0x00 0d 00 00 00 00 03 00 00 00 00 00 00 00 00 00   w: 4




RNUM_23:  Bn:106 NP:20
PO[01]: 0x00 00 06 00 00 00 00 00 00 00 00 00 00 01 00 00 
SO[01]: 0x00 00 02 00 00 00 00 00 00 00 00 00 00 06 00 00   w: 4

PO[02]: 0x00 06 00 00 00 00 00 00 00 00 00 00 02 00 00 00 
SO[02]: 0x00 02 00 00 00 00 00 00 00 00 00 00 06 00 00 00   w: 5

PO[03]: 0x06 00 00 00 00 00 00 00 00 00 00 02 00 00 00 00 
SO[03]: 0x02 00 00 00 00 00 00 00 00 00 00 06 00 00 00 00   w: 5

PO[04]: 0x00 00 00 00 00 00 00 00 00 00 02 00 00 00 00 06 
SO[04]: 0x00 00 00 00 00 00 00 00 00 00 06 00 00 00 00 02   w: 5

PO[05]: 0x00 00 00 00 00 00 00 00 00 02 00 00 00 00 06 00 
SO[05]: 0x00 00 00 00 00 00 00 00 00 06 00 00 00 00 02 00   w: 5

PO[06]: 0x00 00 00 00 00 00 00 00 02 00 00 00 00 06 00 00 
SO[06]: 0x00 00 00 00 00 00 00 00 06 00 00 00 00 02 00 00   w: 5

PO[07]: 0x00 00 00 00 00 00 00 02 00 00 00 00 06 00 00 00 
SO[07]: 0x00 00 00 00 00 00 00 06 00 00 00 00 02 00 00 00   w: 5

PO[08]: 0x00 00 00 00 00 00 02 00 00 00 00 06 00 00 00 00 
SO[08]: 0x00 00 00 00 00 00 06 00 00 00 00 02 00 00 00 00   w: 5

PO[09]: 0x00 00 00 00 00 02 00 00 00 00 06 00 00 00 00 00 
SO[09]: 0x00 00 00 00 00 06 00 00 00 00 02 00 00 00 00 00   w: 5

PO[10]: 0x00 00 00 00 02 00 00 00 00 06 00 00 00 00 00 00 
SO[10]: 0x00 00 00 00 06 00 00 00 00 02 00 00 00 00 00 00   w: 5

PO[11]: 0x00 00 00 02 00 00 00 00 06 00 00 00 00 00 00 00 
SO[11]: 0x00 00 00 06 00 00 00 00 02 00 00 00 00 00 00 00   w: 5

PO[12]: 0x00 00 02 00 00 00 00 06 00 00 00 00 00 00 00 00 
SO[12]: 0x00 00 06 00 00 00 00 02 00 00 00 00 00 00 00 00   w: 5

PO[13]: 0x00 02 00 00 00 00 06 00 00 00 00 00 00 00 00 00 
SO[13]: 0x00 06 00 00 00 00 02 00 00 00 00 00 00 00 00 00   w: 5

PO[14]: 0x02 00 00 00 00 06 00 00 00 00 00 00 00 00 00 00 
SO[14]: 0x06 00 00 00 00 02 00 00 00 00 00 00 00 00 00 00   w: 5

PO[15]: 0x00 00 00 00 06 00 00 00 00 00 00 00 00 00 00 02 
SO[15]: 0x00 00 00 00 02 00 00 00 00 00 00 00 00 00 00 06   w: 5

PO[16]: 0x00 00 00 06 00 00 00 00 00 00 00 00 00 00 02 00 
SO[16]: 0x00 00 00 02 00 00 00 00 00 00 00 00 00 00 06 00   w: 5

PO[17]: 0x00 00 06 00 00 00 00 00 00 00 00 00 00 02 00 00 
SO[17]: 0x00 00 02 00 00 00 00 00 00 00 00 00 00 06 00 00   w: 5

PO[18]: 0x00 06 00 00 00 00 00 00 00 00 00 00 02 00 00 00 
SO[18]: 0x00 02 00 00 00 00 00 00 00 00 00 00 0c 00 00 00   w: 5

PO[19]: 0x06 00 00 00 00 00 00 00 00 00 00 00 00 00 00 08 
SO[19]: 0x02 00 00 00 00 00 00 00 00 00 00 00 00 00 00 01   w: 5

PO[20]: 0x00 00 00 00 00 00 00 00 00 00 00 00 00 00 00 03 
SO[20]: 0x00 00 00 00 00 00 00 00 00 00 00 00 00 00 00 08   w: 3

PO[21]: 0x00 00 08 00 00 00 00 00 00 00 00 00 00 00 00 00 
SO[21]: 0x00 00 01 00 00 00 00 00 00 00 00 00 00 00 00 00   w: 3

PO[22]: 0x00 00 01 00 00 00 00 00 00 00 00 00 00 00 00 00 
SO[22]: 0x00 00 06 00 00 00 00 00 00 00 00 00 00 00 00 00   w: 2

PO[23]: 0x00 02 00 00 00 00 04 00 00 00 00 00 00 00 00 00 
SO[23]: 0x00 0d 00 00 00 00 03 00 00 00 00 00 00 00 00 00   w: 4




RNUM_24:  Bn:111 NP:21
PO[01]: 0x00 00 00 06 00 00 00 00 00 00 00 00 00 00 01 00 
SO[01]: 0x00 00 00 02 00 00 00 00 00 00 00 00 00 00 06 00   w: 4

PO[02]: 0x00 00 06 00 00 00 00 00 00 00 00 00 00 02 00 00 
SO[02]: 0x00 00 02 00 00 00 00 00 00 00 00 00 00 06 00 00   w: 5

PO[03]: 0x00 06 00 00 00 00 00 00 00 00 00 00 02 00 00 00 
SO[03]: 0x00 02 00 00 00 00 00 00 00 00 00 00 06 00 00 00   w: 5

PO[04]: 0x06 00 00 00 00 00 00 00 00 00 00 02 00 00 00 00 
SO[04]: 0x02 00 00 00 00 00 00 00 00 00 00 06 00 00 00 00   w: 5

PO[05]: 0x00 00 00 00 00 00 00 00 00 00 02 00 00 00 00 06 
SO[05]: 0x00 00 00 00 00 00 00 00 00 00 06 00 00 00 00 02   w: 5

PO[06]: 0x00 00 00 00 00 00 00 00 00 02 00 00 00 00 06 00 
SO[06]: 0x00 00 00 00 00 00 00 00 00 06 00 00 00 00 02 00   w: 5

PO[07]: 0x00 00 00 00 00 00 00 00 02 00 00 00 00 06 00 00 
SO[07]: 0x00 00 00 00 00 00 00 00 06 00 00 00 00 02 00 00   w: 5

PO[08]: 0x00 00 00 00 00 00 00 02 00 00 00 00 06 00 00 00 
SO[08]: 0x00 00 00 00 00 00 00 06 00 00 00 00 02 00 00 00   w: 5

PO[09]: 0x00 00 00 00 00 00 02 00 00 00 00 06 00 00 00 00 
SO[09]: 0x00 00 00 00 00 00 06 00 00 00 00 02 00 00 00 00   w: 5

PO[10]: 0x00 00 00 00 00 02 00 00 00 00 06 00 00 00 00 00 
SO[10]: 0x00 00 00 00 00 06 00 00 00 00 02 00 00 00 00 00   w: 5

PO[11]: 0x00 00 00 00 02 00 00 00 00 06 00 00 00 00 00 00 
SO[11]: 0x00 00 00 00 06 00 00 00 00 02 00 00 00 00 00 00   w: 5

PO[12]: 0x00 00 00 02 00 00 00 00 06 00 00 00 00 00 00 00 
SO[12]: 0x00 00 00 06 00 00 00 00 02 00 00 00 00 00 00 00   w: 5

PO[13]: 0x00 00 02 00 00 00 00 06 00 00 00 00 00 00 00 00 
SO[13]: 0x00 00 06 00 00 00 00 02 00 00 00 00 00 00 00 00   w: 5

PO[14]: 0x00 02 00 00 00 00 06 00 00 00 00 00 00 00 00 00 
SO[14]: 0x00 06 00 00 00 00 02 00 00 00 00 00 00 00 00 00   w: 5

PO[15]: 0x02 00 00 00 00 06 00 00 00 00 00 00 00 00 00 00 
SO[15]: 0x06 00 00 00 00 02 00 00 00 00 00 00 00 00 00 00   w: 5

PO[16]: 0x00 00 00 00 06 00 00 00 00 00 00 00 00 00 00 02 
SO[16]: 0x00 00 00 00 02 00 00 00 00 00 00 00 00 00 00 06   w: 5

PO[17]: 0x00 00 00 06 00 00 00 00 00 00 00 00 00 00 02 00 
SO[17]: 0x00 00 00 02 00 00 00 00 00 00 00 00 00 00 06 00   w: 5

PO[18]: 0x00 00 06 00 00 00 00 00 00 00 00 00 00 02 00 00 
SO[18]: 0x00 00 02 00 00 00 00 00 00 00 00 00 00 06 00 00   w: 5

PO[19]: 0x00 06 00 00 00 00 00 00 00 00 00 00 02 00 00 00 
SO[19]: 0x00 02 00 00 00 00 00 00 00 00 00 00 0c 00 00 00   w: 5

PO[20]: 0x06 00 00 00 00 00 00 00 00 00 00 00 00 00 00 08 
SO[20]: 0x02 00 00 00 00 00 00 00 00 00 00 00 00 00 00 01   w: 5

PO[21]: 0x00 00 00 00 00 00 00 00 00 00 00 00 00 00 00 03 
SO[21]: 0x00 00 00 00 00 00 00 00 00 00 00 00 00 00 00 08   w: 3

PO[22]: 0x00 00 08 00 00 00 00 00 00 00 00 00 00 00 00 00 
SO[22]: 0x00 00 01 00 00 00 00 00 00 00 00 00 00 00 00 00   w: 3

PO[23]: 0x00 00 01 00 00 00 00 00 00 00 00 00 00 00 00 00 
SO[23]: 0x00 00 06 00 00 00 00 00 00 00 00 00 00 00 00 00   w: 2

PO[24]: 0x00 02 00 00 00 00 04 00 00 00 00 00 00 00 00 00 
SO[24]: 0x00 0d 00 00 00 00 03 00 00 00 00 00 00 00 00 00   w: 4




RNUM_25:  Bn:116 NP:22
PO[01]: 0x00 00 00 00 06 00 00 00 00 00 00 00 00 00 00 01 
SO[01]: 0x00 00 00 00 02 00 00 00 00 00 00 00 00 00 00 06   w: 4

PO[02]: 0x00 00 00 06 00 00 00 00 00 00 00 00 00 00 02 00 
SO[02]: 0x00 00 00 02 00 00 00 00 00 00 00 00 00 00 06 00   w: 5

PO[03]: 0x00 00 06 00 00 00 00 00 00 00 00 00 00 02 00 00 
SO[03]: 0x00 00 02 00 00 00 00 00 00 00 00 00 00 06 00 00   w: 5

PO[04]: 0x00 06 00 00 00 00 00 00 00 00 00 00 02 00 00 00 
SO[04]: 0x00 02 00 00 00 00 00 00 00 00 00 00 06 00 00 00   w: 5

PO[05]: 0x06 00 00 00 00 00 00 00 00 00 00 02 00 00 00 00 
SO[05]: 0x02 00 00 00 00 00 00 00 00 00 00 06 00 00 00 00   w: 5

PO[06]: 0x00 00 00 00 00 00 00 00 00 00 02 00 00 00 00 06 
SO[06]: 0x00 00 00 00 00 00 00 00 00 00 06 00 00 00 00 02   w: 5

PO[07]: 0x00 00 00 00 00 00 00 00 00 02 00 00 00 00 06 00 
SO[07]: 0x00 00 00 00 00 00 00 00 00 06 00 00 00 00 02 00   w: 5

PO[08]: 0x00 00 00 00 00 00 00 00 02 00 00 00 00 06 00 00 
SO[08]: 0x00 00 00 00 00 00 00 00 06 00 00 00 00 02 00 00   w: 5

PO[09]: 0x00 00 00 00 00 00 00 02 00 00 00 00 06 00 00 00 
SO[09]: 0x00 00 00 00 00 00 00 06 00 00 00 00 02 00 00 00   w: 5

PO[10]: 0x00 00 00 00 00 00 02 00 00 00 00 06 00 00 00 00 
SO[10]: 0x00 00 00 00 00 00 06 00 00 00 00 02 00 00 00 00   w: 5

PO[11]: 0x00 00 00 00 00 02 00 00 00 00 06 00 00 00 00 00 
SO[11]: 0x00 00 00 00 00 06 00 00 00 00 02 00 00 00 00 00   w: 5

PO[12]: 0x00 00 00 00 02 00 00 00 00 06 00 00 00 00 00 00 
SO[12]: 0x00 00 00 00 06 00 00 00 00 02 00 00 00 00 00 00   w: 5

PO[13]: 0x00 00 00 02 00 00 00 00 06 00 00 00 00 00 00 00 
SO[13]: 0x00 00 00 06 00 00 00 00 02 00 00 00 00 00 00 00   w: 5

PO[14]: 0x00 00 02 00 00 00 00 06 00 00 00 00 00 00 00 00 
SO[14]: 0x00 00 06 00 00 00 00 02 00 00 00 00 00 00 00 00   w: 5

PO[15]: 0x00 02 00 00 00 00 06 00 00 00 00 00 00 00 00 00 
SO[15]: 0x00 06 00 00 00 00 02 00 00 00 00 00 00 00 00 00   w: 5

PO[16]: 0x02 00 00 00 00 06 00 00 00 00 00 00 00 00 00 00 
SO[16]: 0x06 00 00 00 00 02 00 00 00 00 00 00 00 00 00 00   w: 5

PO[17]: 0x00 00 00 00 06 00 00 00 00 00 00 00 00 00 00 02 
SO[17]: 0x00 00 00 00 02 00 00 00 00 00 00 00 00 00 00 06   w: 5

PO[18]: 0x00 00 00 06 00 00 00 00 00 00 00 00 00 00 02 00 
SO[18]: 0x00 00 00 02 00 00 00 00 00 00 00 00 00 00 06 00   w: 5

PO[19]: 0x00 00 06 00 00 00 00 00 00 00 00 00 00 02 00 00 
SO[19]: 0x00 00 02 00 00 00 00 00 00 00 00 00 00 06 00 00   w: 5

PO[20]: 0x00 06 00 00 00 00 00 00 00 00 00 00 02 00 00 00 
SO[20]: 0x00 02 00 00 00 00 00 00 00 00 00 00 0c 00 00 00   w: 5

PO[21]: 0x06 00 00 00 00 00 00 00 00 00 00 00 00 00 00 08 
SO[21]: 0x02 00 00 00 00 00 00 00 00 00 00 00 00 00 00 01   w: 5

PO[22]: 0x00 00 00 00 00 00 00 00 00 00 00 00 00 00 00 03 
SO[22]: 0x00 00 00 00 00 00 00 00 00 00 00 00 00 00 00 08   w: 3

PO[23]: 0x00 00 08 00 00 00 00 00 00 00 00 00 00 00 00 00 
SO[23]: 0x00 00 01 00 00 00 00 00 00 00 00 00 00 00 00 00   w: 3

PO[24]: 0x00 00 01 00 00 00 00 00 00 00 00 00 00 00 00 00 
SO[24]: 0x00 00 06 00 00 00 00 00 00 00 00 00 00 00 00 00   w: 2

PO[25]: 0x00 02 00 00 00 00 04 00 00 00 00 00 00 00 00 00 
SO[25]: 0x00 0d 00 00 00 00 03 00 00 00 00 00 00 00 00 00   w: 4



