
RNUM_2:  Bn:2 NP:1
PO[01]: 0x00 00 00 00 00 00 00 00 00 00 00 00 00 00 00 05 
SO[01]: 0x00 00 00 00 00 00 00 00 00 00 00 00 00 00 00 02   w: 1

PO[02]: 0x00 00 00 00 00 00 00 00 00 00 00 00 00 00 02 00 
SO[02]: 0x00 00 00 00 00 00 00 00 00 00 00 00 00 00 06 00   w: 1




RNUM_3:  Bn:4 NP:1
PO[01]: 0x00 00 00 00 00 00 00 00 00 00 00 00 00 00 00 05 
SO[01]: 0x00 00 00 00 00 00 00 00 00 00 00 00 00 00 00 02   w: 1

PO[02]: 0x00 00 00 00 00 00 00 00 00 00 00 00 00 00 02 00 
SO[02]: 0x00 00 00 00 00 00 00 00 00 00 00 00 00 00 06 00   w: 1

PO[03]: 0x00 00 04 00 00 00 00 00 00 00 00 00 00 02 00 00 
SO[03]: 0x00 00 06 00 00 00 00 00 00 00 00 00 00 06 00 00   w: 2




RNUM_4:  Bn:6 NP:2
PO[01]: 0x00 00 00 00 00 00 00 00 00 00 00 03 00 00 00 0c 
SO[01]: 0x00 00 00 00 00 00 00 00 00 00 00 04 00 00 00 01   w: 2

PO[02]: 0x00 00 00 00 00 00 00 00 00 00 00 00 00 00 00 05 
SO[02]: 0x00 00 00 00 00 00 00 00 00 00 00 00 00 00 00 02   w: 1

PO[03]: 0x00 00 00 00 00 00 00 00 00 00 00 00 00 00 02 00 
SO[03]: 0x00 00 00 00 00 00 00 00 00 00 00 00 00 00 06 00   w: 1

PO[04]: 0x00 00 04 00 00 00 00 00 00 00 00 00 00 02 00 00 
SO[04]: 0x00 00 06 00 00 00 00 00 00 00 00 00 00 06 00 00   w: 2




RNUM_5:  Bn:8 NP:3
PO[01]: 0x00 00 00 00 00 00 00 00 00 00 00 01 02 00 00 00 
SO[01]: 0x00 00 00 00 00 00 00 00 00 00 00 05 0a 00 00 00   w: 2

PO[02]: 0x00 00 00 00 00 00 00 00 00 00 00 03 00 00 00 0c 
SO[02]: 0x00 00 00 00 00 00 00 00 00 00 00 04 00 00 00 01   w: 2

PO[03]: 0x00 00 00 00 00 00 00 00 00 00 00 00 00 00 00 05 
SO[03]: 0x00 00 00 00 00 00 00 00 00 00 00 00 00 00 00 02   w: 1

PO[04]: 0x00 00 00 00 00 00 00 00 00 00 00 00 00 00 02 00 
SO[04]: 0x00 00 00 00 00 00 00 00 00 00 00 00 00 00 06 00   w: 1

PO[05]: 0x00 00 04 00 00 00 00 00 00 00 00 00 00 02 00 00 
SO[05]: 0x00 00 06 00 00 00 00 00 00 00 00 00 00 06 00 00   w: 2




RNUM_6:  Bn:10 NP:4
PO[01]: 0x00 00 00 00 00 00 00 00 00 00 00 0c 00 05 00 00 
SO[01]: 0x00 00 00 00 00 00 00 00 00 00 00 01 00 02 00 00   w: 2

PO[02]: 0x00 00 00 00 00 00 00 00 00 00 00 01 02 00 00 00 
SO[02]: 0x00 00 00 00 00 00 00 00 00 00 00 05 0a 00 00 00   w: 2

PO[03]: 0x00 00 00 00 00 00 00 00 00 00 00 03 00 00 00 0c 
SO[03]: 0x00 00 00 00 00 00 00 00 00 00 00 04 00 00 00 01   w: 2

PO[04]: 0x00 00 00 00 00 00 00 00 00 00 00 00 00 00 00 05 
SO[04]: 0x00 00 00 00 00 00 00 00 00 00 00 00 00 00 00 02   w: 1

PO[05]: 0x00 00 00 00 00 00 00 00 00 00 00 00 00 00 02 00 
SO[05]: 0x00 00 00 00 00 00 00 00 00 00 00 00 00 00 06 00   w: 1

PO[06]: 0x00 00 04 00 00 00 00 00 00 00 00 00 00 02 00 00 
SO[06]: 0x00 00 06 00 00 00 00 00 00 00 00 00 00 06 00 00   w: 2




RNUM_7:  Bn:13 NP:4
PO[01]: 0x00 00 00 00 00 00 00 00 00 00 00 0c 00 05 00 00 
SO[01]: 0x00 00 00 00 00 00 00 00 00 00 00 01 00 02 00 00   w: 2

PO[02]: 0x00 00 00 00 00 00 00 00 00 00 00 01 02 00 00 00 
SO[02]: 0x00 00 00 00 00 00 00 00 00 00 00 05 0a 00 00 00   w: 2

PO[03]: 0x00 00 00 00 00 00 00 00 00 00 00 03 00 00 00 0c 
SO[03]: 0x00 00 00 00 00 00 00 00 00 00 00 04 00 00 00 01   w: 2

PO[04]: 0x00 00 00 00 00 00 00 00 00 00 00 00 00 00 00 05 
SO[04]: 0x00 00 00 00 00 00 00 00 00 00 00 00 00 00 00 02   w: 1

PO[05]: 0x00 00 00 00 00 00 00 00 00 00 00 00 00 00 02 00 
SO[05]: 0x00 00 00 00 00 00 00 00 00 00 00 00 00 00 06 00   w: 1

PO[06]: 0x00 00 04 00 00 00 00 00 00 00 00 00 00 02 00 00 
SO[06]: 0x00 00 06 00 00 00 00 00 00 00 00 00 00 06 00 00   w: 2

PO[07]: 0x00 06 00 00 00 00 04 00 00 00 00 00 02 00 00 00 
SO[07]: 0x00 08 00 00 00 00 06 00 00 00 00 00 06 00 00 00   w: 3




RNUM_8:  Bn:16 NP:3
PO[01]: 0x00 00 00 00 00 00 00 00 06 00 00 00 00 05 00 00 
SO[01]: 0x00 00 00 00 00 00 00 00 0c 00 00 00 00 02 00 00   w: 2

PO[02]: 0x00 00 00 00 00 00 00 00 00 00 00 08 06 00 00 00 
SO[02]: 0x00 00 00 00 00 00 00 00 00 00 00 04 08 00 00 00   w: 3

PO[03]: 0x00 00 00 00 00 00 00 00 00 00 00 00 00 00 00 0c 
SO[03]: 0x00 00 00 00 00 00 00 00 00 00 00 00 00 00 00 01   w: 1

PO[04]: 0x00 00 00 00 00 00 00 00 00 00 00 00 00 00 00 01 
SO[04]: 0x00 00 00 00 00 00 00 00 00 00 00 00 00 00 00 08   w: 2

PO[05]: 0x00 00 08 00 00 00 00 00 00 00 00 00 00 00 00 00 
SO[05]: 0x00 00 04 00 00 00 00 00 00 00 00 00 00 00 00 00   w: 2

PO[06]: 0x00 00 00 00 00 00 04 00 00 00 00 00 00 00 00 00 
SO[06]: 0x00 00 00 00 00 00 06 00 00 00 00 00 00 00 00 00   w: 1

PO[07]: 0x00 00 00 00 00 02 00 00 00 00 04 00 00 00 00 00 
SO[07]: 0x00 00 00 00 00 06 00 00 00 00 06 00 00 00 00 00   w: 2

PO[08]: 0x00 00 00 00 02 00 00 00 00 06 00 00 00 00 04 00 
SO[08]: 0x00 00 00 00 06 00 00 00 00 08 00 00 00 00 06 00   w: 3




RNUM_9:  Bn:19 NP:4
PO[01]: 0x00 00 00 00 03 00 00 00 00 02 00 00 00 0c 00 00 
SO[01]: 0x00 00 00 00 04 00 00 00 00 06 00 00 00 01 00 00   w: 3

PO[02]: 0x00 00 00 00 00 00 00 00 06 00 00 00 00 05 00 00 
SO[02]: 0x00 00 00 00 00 00 00 00 0c 00 00 00 00 02 00 00   w: 2

PO[03]: 0x00 00 00 00 00 00 00 00 00 00 00 08 06 00 00 00 
SO[03]: 0x00 00 00 00 00 00 00 00 00 00 00 04 08 00 00 00   w: 3

PO[04]: 0x00 00 00 00 00 00 00 00 00 00 00 00 00 00 00 0c 
SO[04]: 0x00 00 00 00 00 00 00 00 00 00 00 00 00 00 00 01   w: 1

PO[05]: 0x00 00 00 00 00 00 00 00 00 00 00 00 00 00 00 01 
SO[05]: 0x00 00 00 00 00 00 00 00 00 00 00 00 00 00 00 08   w: 2

PO[06]: 0x00 00 08 00 00 00 00 00 00 00 00 00 00 00 00 00 
SO[06]: 0x00 00 04 00 00 00 00 00 00 00 00 00 00 00 00 00   w: 2

PO[07]: 0x00 00 00 00 00 00 04 00 00 00 00 00 00 00 00 00 
SO[07]: 0x00 00 00 00 00 00 06 00 00 00 00 00 00 00 00 00   w: 1

PO[08]: 0x00 00 00 00 00 02 00 00 00 00 04 00 00 00 00 00 
SO[08]: 0x00 00 00 00 00 06 00 00 00 00 06 00 00 00 00 00   w: 2

PO[09]: 0x00 00 00 00 02 00 00 00 00 06 00 00 00 00 04 00 
SO[09]: 0x00 00 00 00 06 00 00 00 00 08 00 00 00 00 06 00   w: 3




RNUM_10:  Bn:22 NP:5
PO[01]: 0x00 00 00 00 06 00 00 00 00 02 00 00 00 00 00 00 
SO[01]: 0x00 00 00 00 0c 00 00 00 00 0a 00 00 00 00 00 00   w: 2

PO[02]: 0x00 00 00 00 00 00 00 08 06 00 00 00 08 00 00 00 
SO[02]: 0x00 00 00 00 00 00 00 04 08 00 00 00 03 00 00 00   w: 4

PO[03]: 0x00 00 00 00 00 00 00 00 00 00 00 0e 01 00 00 00 
SO[03]: 0x00 00 00 00 00 00 00 00 00 00 00 01 03 00 00 00   w: 2

PO[04]: 0x00 00 00 00 00 00 00 00 00 00 00 03 01 00 00 00 
SO[04]: 0x00 00 00 00 00 00 00 00 00 00 00 04 08 00 00 00   w: 3

PO[05]: 0x00 00 00 00 00 00 00 00 00 00 00 00 00 00 00 0c 
SO[05]: 0x00 00 00 00 00 00 00 00 00 00 00 00 00 00 00 01   w: 1

PO[06]: 0x00 00 00 00 00 00 00 00 00 00 00 00 00 00 00 01 
SO[06]: 0x00 00 00 00 00 00 00 00 00 00 00 00 00 00 00 08   w: 2

PO[07]: 0x00 00 08 00 00 00 00 00 00 00 00 00 00 00 00 00 
SO[07]: 0x00 00 04 00 00 00 00 00 00 00 00 00 00 00 00 00   w: 2

PO[08]: 0x00 00 00 00 00 00 04 00 00 00 00 00 00 00 00 00 
SO[08]: 0x00 00 00 00 00 00 06 00 00 00 00 00 00 00 00 00   w: 1

PO[09]: 0x00 00 00 00 00 02 00 00 00 00 04 00 00 00 00 00 
SO[09]: 0x00 00 00 00 00 06 00 00 00 00 06 00 00 00 00 00   w: 2

PO[10]: 0x00 00 00 00 02 00 00 00 00 06 00 00 00 00 04 00 
SO[10]: 0x00 00 00 00 06 00 00 00 00 08 00 00 00 00 06 00   w: 3




RNUM_11:  Bn:25 NP:6
PO[01]: 0x03 00 00 00 00 05 00 00 00 00 05 00 00 00 00 00 
SO[01]: 0x04 00 00 00 00 02 00 00 00 00 02 00 00 00 00 00   w: 3

PO[02]: 0x00 00 00 00 06 00 00 00 00 02 00 00 00 00 00 00 
SO[02]: 0x00 00 00 00 0c 00 00 00 00 0a 00 00 00 00 00 00   w: 2

PO[03]: 0x00 00 00 00 00 00 00 08 06 00 00 00 08 00 00 00 
SO[03]: 0x00 00 00 00 00 00 00 04 08 00 00 00 03 00 00 00   w: 4

PO[04]: 0x00 00 00 00 00 00 00 00 00 00 00 0e 01 00 00 00 
SO[04]: 0x00 00 00 00 00 00 00 00 00 00 00 01 03 00 00 00   w: 2

PO[05]: 0x00 00 00 00 00 00 00 00 00 00 00 03 01 00 00 00 
SO[05]: 0x00 00 00 00 00 00 00 00 00 00 00 04 08 00 00 00   w: 3

PO[06]: 0x00 00 00 00 00 00 00 00 00 00 00 00 00 00 00 0c 
SO[06]: 0x00 00 00 00 00 00 00 00 00 00 00 00 00 00 00 01   w: 1

PO[07]: 0x00 00 00 00 00 00 00 00 00 00 00 00 00 00 00 01 
SO[07]: 0x00 00 00 00 00 00 00 00 00 00 00 00 00 00 00 08   w: 2

PO[08]: 0x00 00 08 00 00 00 00 00 00 00 00 00 00 00 00 00 
SO[08]: 0x00 00 04 00 00 00 00 00 00 00 00 00 00 00 00 00   w: 2

PO[09]: 0x00 00 00 00 00 00 04 00 00 00 00 00 00 00 00 00 
SO[09]: 0x00 00 00 00 00 00 06 00 00 00 00 00 00 00 00 00   w: 1

PO[10]: 0x00 00 00 00 00 02 00 00 00 00 04 00 00 00 00 00 
SO[10]: 0x00 00 00 00 00 06 00 00 00 00 06 00 00 00 00 00   w: 2

PO[11]: 0x00 00 00 00 02 00 00 00 00 06 00 00 00 00 04 00 
SO[11]: 0x00 00 00 00 06 00 00 00 00 08 00 00 00 00 06 00   w: 3




RNUM_12:  Bn:28 NP:7
PO[01]: 0x00 00 03 00 00 0c 00 05 00 00 00 00 00 00 00 00 
SO[01]: 0x00 00 04 00 00 01 00 02 00 00 00 00 00 00 00 00   w: 3

PO[02]: 0x00 00 00 00 00 01 06 00 00 00 00 00 00 00 00 00 
SO[02]: 0x00 00 00 00 00 05 08 00 00 00 00 00 00 00 00 00   w: 2

PO[03]: 0x00 00 00 00 00 01 00 00 00 0c 00 00 00 00 00 00 
SO[03]: 0x00 00 00 00 00 05 00 00 00 01 00 00 00 00 00 00   w: 2

PO[04]: 0x00 00 00 00 00 01 00 00 00 05 00 00 00 00 00 00 
SO[04]: 0x00 00 00 00 00 08 00 00 00 0a 00 00 00 00 00 00   w: 4

PO[05]: 0x00 00 00 00 00 00 00 00 0a 00 00 00 08 00 00 00 
SO[05]: 0x00 00 00 00 00 00 00 00 08 00 00 00 03 00 00 00   w: 2

PO[06]: 0x00 00 00 00 00 00 00 00 00 00 00 0a 01 00 00 00 
SO[06]: 0x00 00 00 00 00 00 00 00 00 00 00 04 08 00 00 00   w: 4

PO[07]: 0x00 00 00 00 00 00 00 00 00 00 00 00 00 00 00 0c 
SO[07]: 0x00 00 00 00 00 00 00 00 00 00 00 00 00 00 00 01   w: 1

PO[08]: 0x00 00 00 00 00 00 00 00 00 00 00 00 00 00 00 01 
SO[08]: 0x00 00 00 00 00 00 00 00 00 00 00 00 00 00 00 08   w: 2

PO[09]: 0x00 00 08 00 00 00 00 00 00 00 00 00 00 00 00 00 
SO[09]: 0x00 00 04 00 00 00 00 00 00 00 00 00 00 00 00 00   w: 2

PO[10]: 0x00 00 00 00 00 00 04 00 00 00 00 00 00 00 00 00 
SO[10]: 0x00 00 00 00 00 00 06 00 00 00 00 00 00 00 00 00   w: 1

PO[11]: 0x00 00 00 00 00 02 00 00 00 00 04 00 00 00 00 00 
SO[11]: 0x00 00 00 00 00 06 00 00 00 00 06 00 00 00 00 00   w: 2

PO[12]: 0x00 00 00 00 02 00 00 00 00 06 00 00 00 00 04 00 
SO[12]: 0x00 00 00 00 06 00 00 00 00 08 00 00 00 00 06 00   w: 3




RNUM_13:  Bn:31 NP:2
PO[01]: 0x00 00 00 00 00 00 00 00 00 00 00 03 06 00 00 00 
SO[01]: 0x00 00 00 00 00 00 00 00 00 00 00 04 08 00 00 00   w: 2

PO[02]: 0x00 00 00 00 00 00 00 00 00 00 00 00 00 00 00 0c 
SO[02]: 0x00 00 00 00 00 00 00 00 00 00 00 00 00 00 00 01   w: 1

PO[03]: 0x00 00 00 00 00 00 00 00 00 00 00 00 00 00 00 01 
SO[03]: 0x00 00 00 00 00 00 00 00 00 00 00 00 00 00 00 08   w: 2

PO[04]: 0x00 00 08 00 00 00 00 00 00 00 00 00 00 00 00 00 
SO[04]: 0x00 00 09 00 00 00 00 00 00 00 00 00 00 00 00 00   w: 1

PO[05]: 0x00 00 01 00 00 08 00 00 00 00 00 00 00 00 00 00 
SO[05]: 0x00 00 09 00 00 03 00 00 00 00 00 00 00 00 00 00   w: 3

PO[06]: 0x00 00 01 00 02 09 00 00 00 00 00 00 00 00 00 00 
SO[06]: 0x00 00 09 00 07 0b 00 00 00 00 00 00 00 00 00 00   w: 5

PO[07]: 0x00 00 01 02 03 09 00 00 0c 00 00 00 00 00 00 00 
SO[07]: 0x00 00 05 0a 04 08 00 00 01 00 00 00 00 00 00 00   w: 6

PO[08]: 0x00 00 03 00 00 00 0c 00 0d 00 00 00 00 00 00 00 
SO[08]: 0x00 00 04 00 00 00 01 00 02 00 00 00 00 00 00 00   w: 3

PO[09]: 0x00 00 00 00 00 00 05 02 00 00 00 00 00 00 00 00 
SO[09]: 0x00 00 00 00 00 00 05 0a 00 00 00 00 00 00 00 00   w: 2

PO[10]: 0x00 00 00 00 00 00 03 00 00 00 0c 00 00 00 00 00 
SO[10]: 0x00 00 00 00 00 00 04 00 00 00 01 00 00 00 00 00   w: 2

PO[11]: 0x00 00 00 00 00 00 00 00 00 00 05 00 00 00 00 00 
SO[11]: 0x00 00 00 00 00 00 00 00 00 00 02 00 00 00 00 00   w: 1

PO[12]: 0x00 00 00 00 00 00 00 00 00 02 00 00 00 00 00 00 
SO[12]: 0x00 00 00 00 00 00 00 00 00 06 00 00 00 00 00 00   w: 1

PO[13]: 0x00 00 00 00 00 00 00 00 02 00 00 00 00 04 00 00 
SO[13]: 0x00 00 00 00 00 00 00 00 06 00 00 00 00 06 00 00   w: 2




RNUM_14:  Bn:34 NP:2
PO[01]: 0x00 00 00 00 00 00 00 00 00 00 00 03 06 00 00 00 
SO[01]: 0x00 00 00 00 00 00 00 00 00 00 00 04 08 00 00 00   w: 2

PO[02]: 0x00 00 00 00 00 00 00 00 00 00 00 00 00 00 00 0c 
SO[02]: 0x00 00 00 00 00 00 00 00 00 00 00 00 00 00 00 01   w: 1

PO[03]: 0x00 00 00 00 00 00 00 00 00 00 00 00 00 00 00 01 
SO[03]: 0x00 00 00 00 00 00 00 00 00 00 00 00 00 00 00 08   w: 2

PO[04]: 0x00 00 08 00 00 00 00 00 00 00 00 00 00 00 00 00 
SO[04]: 0x00 00 09 00 00 00 00 00 00 00 00 00 00 00 00 00   w: 1

PO[05]: 0x00 00 01 00 00 08 00 00 00 00 00 00 00 00 00 00 
SO[05]: 0x00 00 09 00 00 03 00 00 00 00 00 00 00 00 00 00   w: 3

PO[06]: 0x00 00 01 00 02 09 00 00 00 00 00 00 00 00 00 00 
SO[06]: 0x00 00 09 00 07 0b 00 00 00 00 00 00 00 00 00 00   w: 5

PO[07]: 0x00 00 01 02 03 09 00 00 0c 00 00 00 00 00 00 00 
SO[07]: 0x00 00 05 0a 04 08 00 00 01 00 00 00 00 00 00 00   w: 6

PO[08]: 0x00 00 03 00 00 00 0c 00 0d 00 00 00 00 00 00 00 
SO[08]: 0x00 00 04 00 00 00 01 00 02 00 00 00 00 00 00 00   w: 3

PO[09]: 0x00 00 00 00 00 00 05 02 00 00 00 00 00 00 00 00 
SO[09]: 0x00 00 00 00 00 00 05 0a 00 00 00 00 00 00 00 00   w: 2

PO[10]: 0x00 00 00 00 00 00 03 00 00 00 0c 00 00 00 00 00 
SO[10]: 0x00 00 00 00 00 00 04 00 00 00 01 00 00 00 00 00   w: 2

PO[11]: 0x00 00 00 00 00 00 00 00 00 00 05 00 00 00 00 00 
SO[11]: 0x00 00 00 00 00 00 00 00 00 00 02 00 00 00 00 00   w: 1

PO[12]: 0x00 00 00 00 00 00 00 00 00 02 00 00 00 00 00 00 
SO[12]: 0x00 00 00 00 00 00 00 00 00 06 00 00 00 00 00 00   w: 1

PO[13]: 0x00 00 00 00 00 00 00 00 02 00 00 00 00 04 00 00 
SO[13]: 0x00 00 00 00 00 00 00 00 06 00 00 00 00 06 00 00   w: 2

PO[14]: 0x00 04 00 00 00 00 00 02 00 00 00 00 06 00 00 00 
SO[14]: 0x00 06 00 00 00 00 00 06 00 00 00 00 08 00 00 00   w: 3




RNUM_15:  Bn:37 NP:3
PO[01]: 0x00 00 00 00 00 00 00 00 06 00 00 00 00 05 00 00 
SO[01]: 0x00 00 00 00 00 00 00 00 0c 00 00 00 00 02 00 00   w: 2

PO[02]: 0x00 00 00 00 00 00 00 00 00 00 00 08 06 00 00 00 
SO[02]: 0x00 00 00 00 00 00 00 00 00 00 00 04 08 00 00 00   w: 3

PO[03]: 0x00 00 00 00 00 00 00 00 00 00 00 00 00 00 00 0c 
SO[03]: 0x00 00 00 00 00 00 00 00 00 00 00 00 00 00 00 01   w: 1

PO[04]: 0x00 00 00 00 00 00 00 00 00 00 00 00 00 00 00 01 
SO[04]: 0x00 00 00 00 00 00 00 00 00 00 00 00 00 00 00 08   w: 2

PO[05]: 0x00 00 08 00 00 00 00 00 00 00 00 00 00 00 00 00 
SO[05]: 0x00 00 09 00 00 00 00 00 00 00 00 00 00 00 00 00   w: 1

PO[06]: 0x00 00 01 00 00 08 00 00 00 00 00 00 00 00 00 00 
SO[06]: 0x00 00 09 00 00 03 00 00 00 00 00 00 00 00 00 00   w: 3

PO[07]: 0x00 00 01 00 02 09 00 00 00 00 00 00 00 00 00 00 
SO[07]: 0x00 00 09 00 07 0b 00 00 00 00 00 00 00 00 00 00   w: 5

PO[08]: 0x00 00 01 02 03 09 00 00 0c 00 00 00 00 00 00 00 
SO[08]: 0x00 00 05 0a 04 08 00 00 01 00 00 00 00 00 00 00   w: 6

PO[09]: 0x00 00 03 00 00 00 0c 00 0d 00 00 00 00 00 00 00 
SO[09]: 0x00 00 04 00 00 00 01 00 02 00 00 00 00 00 00 00   w: 3

PO[10]: 0x00 00 00 00 00 00 05 02 00 00 00 00 00 00 00 00 
SO[10]: 0x00 00 00 00 00 00 05 0a 00 00 00 00 00 00 00 00   w: 2

PO[11]: 0x00 00 00 00 00 00 03 00 00 00 0c 00 00 00 00 00 
SO[11]: 0x00 00 00 00 00 00 04 00 00 00 01 00 00 00 00 00   w: 2

PO[12]: 0x00 00 00 00 00 00 00 00 00 00 05 00 00 00 00 00 
SO[12]: 0x00 00 00 00 00 00 00 00 00 00 02 00 00 00 00 00   w: 1

PO[13]: 0x00 00 00 00 00 00 00 00 00 02 00 00 00 00 00 00 
SO[13]: 0x00 00 00 00 00 00 00 00 00 06 00 00 00 00 00 00   w: 1

PO[14]: 0x00 00 00 00 00 00 00 00 02 00 00 00 00 04 00 00 
SO[14]: 0x00 00 00 00 00 00 00 00 06 00 00 00 00 06 00 00   w: 2

PO[15]: 0x00 04 00 00 00 00 00 02 00 00 00 00 06 00 00 00 
SO[15]: 0x00 06 00 00 00 00 00 06 00 00 00 00 08 00 00 00   w: 3




RNUM_16:  Bn:40 NP:4
PO[01]: 0x00 00 00 00 03 00 00 00 00 02 00 00 00 0c 00 00 
SO[01]: 0x00 00 00 00 04 00 00 00 00 06 00 00 00 01 00 00   w: 3

PO[02]: 0x00 00 00 00 00 00 00 00 06 00 00 00 00 05 00 00 
SO[02]: 0x00 00 00 00 00 00 00 00 0c 00 00 00 00 02 00 00   w: 2

PO[03]: 0x00 00 00 00 00 00 00 00 00 00 00 08 06 00 00 00 
SO[03]: 0x00 00 00 00 00 00 00 00 00 00 00 04 08 00 00 00   w: 3

PO[04]: 0x00 00 00 00 00 00 00 00 00 00 00 00 00 00 00 0c 
SO[04]: 0x00 00 00 00 00 00 00 00 00 00 00 00 00 00 00 01   w: 1

PO[05]: 0x00 00 00 00 00 00 00 00 00 00 00 00 00 00 00 01 
SO[05]: 0x00 00 00 00 00 00 00 00 00 00 00 00 00 00 00 08   w: 2

PO[06]: 0x00 00 08 00 00 00 00 00 00 00 00 00 00 00 00 00 
SO[06]: 0x00 00 09 00 00 00 00 00 00 00 00 00 00 00 00 00   w: 1

PO[07]: 0x00 00 01 00 00 08 00 00 00 00 00 00 00 00 00 00 
SO[07]: 0x00 00 09 00 00 03 00 00 00 00 00 00 00 00 00 00   w: 3

PO[08]: 0x00 00 01 00 02 09 00 00 00 00 00 00 00 00 00 00 
SO[08]: 0x00 00 09 00 07 0b 00 00 00 00 00 00 00 00 00 00   w: 5

PO[09]: 0x00 00 01 02 03 09 00 00 0c 00 00 00 00 00 00 00 
SO[09]: 0x00 00 05 0a 04 08 00 00 01 00 00 00 00 00 00 00   w: 6

PO[10]: 0x00 00 03 00 00 00 0c 00 0d 00 00 00 00 00 00 00 
SO[10]: 0x00 00 04 00 00 00 01 00 02 00 00 00 00 00 00 00   w: 3

PO[11]: 0x00 00 00 00 00 00 05 02 00 00 00 00 00 00 00 00 
SO[11]: 0x00 00 00 00 00 00 05 0a 00 00 00 00 00 00 00 00   w: 2

PO[12]: 0x00 00 00 00 00 00 03 00 00 00 0c 00 00 00 00 00 
SO[12]: 0x00 00 00 00 00 00 04 00 00 00 01 00 00 00 00 00   w: 2

PO[13]: 0x00 00 00 00 00 00 00 00 00 00 05 00 00 00 00 00 
SO[13]: 0x00 00 00 00 00 00 00 00 00 00 02 00 00 00 00 00   w: 1

PO[14]: 0x00 00 00 00 00 00 00 00 00 02 00 00 00 00 00 00 
SO[14]: 0x00 00 00 00 00 00 00 00 00 06 00 00 00 00 00 00   w: 1

PO[15]: 0x00 00 00 00 00 00 00 00 02 00 00 00 00 04 00 00 
SO[15]: 0x00 00 00 00 00 00 00 00 06 00 00 00 00 06 00 00   w: 2

PO[16]: 0x00 04 00 00 00 00 00 02 00 00 00 00 06 00 00 00 
SO[16]: 0x00 06 00 00 00 00 00 06 00 00 00 00 08 00 00 00   w: 3




RNUM_17:  Bn:42 NP:4
PO[01]: 0x00 00 00 00 00 00 00 00 00 00 00 0c 00 05 00 00 
SO[01]: 0x00 00 00 00 00 00 00 00 00 00 00 01 00 02 00 00   w: 2

PO[02]: 0x00 00 00 00 00 00 00 00 00 00 00 01 02 00 00 00 
SO[02]: 0x00 00 00 00 00 00 00 00 00 00 00 05 0a 00 00 00   w: 2

PO[03]: 0x00 00 00 00 00 00 00 00 00 00 00 03 00 00 00 0c 
SO[03]: 0x00 00 00 00 00 00 00 00 00 00 00 04 00 00 00 01   w: 2

PO[04]: 0x00 00 00 00 00 00 00 00 00 00 00 00 00 00 00 05 
SO[04]: 0x00 00 00 00 00 00 00 00 00 00 00 00 00 00 00 02   w: 1

PO[05]: 0x00 00 00 00 00 00 00 00 00 00 00 00 00 00 02 00 
SO[05]: 0x00 00 00 00 00 00 00 00 00 00 00 00 00 00 0a 00   w: 1

PO[06]: 0x00 08 00 00 00 00 00 00 00 00 00 00 00 02 00 00 
SO[06]: 0x00 09 00 00 00 00 00 00 00 00 00 00 00 06 00 00   w: 2

PO[07]: 0x00 05 00 00 08 00 00 00 00 00 00 00 02 00 00 00 
SO[07]: 0x00 02 00 00 09 00 00 00 00 00 00 00 06 00 00 00   w: 3

PO[08]: 0x06 00 00 00 01 00 00 08 00 00 00 02 00 00 00 00 
SO[08]: 0x0c 00 00 00 03 00 00 0c 00 00 00 07 00 00 00 00   w: 5

PO[09]: 0x00 00 00 0a 05 00 00 00 00 00 0a 05 00 00 00 04 
SO[09]: 0x00 00 00 03 02 00 00 00 00 00 08 08 00 00 00 0e   w: 6

PO[10]: 0x00 00 0a 07 00 00 00 00 00 00 00 00 00 08 0a 00 
SO[10]: 0x00 00 03 02 00 00 00 00 00 00 00 00 00 04 08 00   w: 5

PO[11]: 0x00 0e 03 00 00 00 00 00 00 00 00 00 00 00 00 00 
SO[11]: 0x00 01 03 00 00 00 00 00 00 00 00 00 00 00 00 00   w: 2

PO[12]: 0x00 03 01 00 00 00 00 00 00 00 00 00 00 00 00 00 
SO[12]: 0x00 04 08 00 00 00 00 00 00 00 00 00 00 00 00 00   w: 3

PO[13]: 0x00 00 00 00 00 0c 00 00 00 00 00 00 00 00 00 00 
SO[13]: 0x00 00 00 00 00 01 00 00 00 00 00 00 00 00 00 00   w: 1

PO[14]: 0x00 00 00 00 00 01 00 00 00 00 00 00 00 00 00 00 
SO[14]: 0x00 00 00 00 00 08 00 00 00 00 00 00 00 00 00 00   w: 2

PO[15]: 0x00 00 00 00 00 00 00 00 08 00 00 00 00 00 00 00 
SO[15]: 0x00 00 00 00 00 00 00 00 04 00 00 00 00 00 00 00   w: 2

PO[16]: 0x00 00 00 00 00 00 00 00 00 00 00 00 04 00 00 00 
SO[16]: 0x00 00 00 00 00 00 00 00 00 00 00 00 06 00 00 00   w: 1

PO[17]: 0x04 00 00 00 00 00 00 00 00 00 00 02 00 00 00 00 
SO[17]: 0x06 00 00 00 00 00 00 00 00 00 00 06 00 00 00 00   w: 2




RNUM_18:  Bn:45 NP:4
PO[01]: 0x00 00 00 00 00 00 00 00 00 00 00 0c 00 05 00 00 
SO[01]: 0x00 00 00 00 00 00 00 00 00 00 00 01 00 02 00 00   w: 2

PO[02]: 0x00 00 00 00 00 00 00 00 00 00 00 01 02 00 00 00 
SO[02]: 0x00 00 00 00 00 00 00 00 00 00 00 05 0a 00 00 00   w: 2

PO[03]: 0x00 00 00 00 00 00 00 00 00 00 00 03 00 00 00 0c 
SO[03]: 0x00 00 00 00 00 00 00 00 00 00 00 04 00 00 00 01   w: 2

PO[04]: 0x00 00 00 00 00 00 00 00 00 00 00 00 00 00 00 05 
SO[04]: 0x00 00 00 00 00 00 00 00 00 00 00 00 00 00 00 02   w: 1

PO[05]: 0x00 00 00 00 00 00 00 00 00 00 00 00 00 00 02 00 
SO[05]: 0x00 00 00 00 00 00 00 00 00 00 00 00 00 00 0a 00   w: 1

PO[06]: 0x00 08 00 00 00 00 00 00 00 00 00 00 00 02 00 00 
SO[06]: 0x00 09 00 00 00 00 00 00 00 00 00 00 00 06 00 00   w: 2

PO[07]: 0x00 05 00 00 08 00 00 00 00 00 00 00 02 00 00 00 
SO[07]: 0x00 02 00 00 09 00 00 00 00 00 00 00 06 00 00 00   w: 3

PO[08]: 0x06 00 00 00 01 00 00 08 00 00 00 02 00 00 00 00 
SO[08]: 0x0c 00 00 00 03 00 00 0c 00 00 00 07 00 00 00 00   w: 5

PO[09]: 0x00 00 00 0a 05 00 00 00 00 00 0a 05 00 00 00 04 
SO[09]: 0x00 00 00 03 02 00 00 00 00 00 08 08 00 00 00 0e   w: 6

PO[10]: 0x00 00 0a 07 00 00 00 00 00 00 00 00 00 08 0a 00 
SO[10]: 0x00 00 03 02 00 00 00 00 00 00 00 00 00 04 08 00   w: 5

PO[11]: 0x00 0e 03 00 00 00 00 00 00 00 00 00 00 00 00 00 
SO[11]: 0x00 01 03 00 00 00 00 00 00 00 00 00 00 00 00 00   w: 2

PO[12]: 0x00 03 01 00 00 00 00 00 00 00 00 00 00 00 00 00 
SO[12]: 0x00 04 08 00 00 00 00 00 00 00 00 00 00 00 00 00   w: 3

PO[13]: 0x00 00 00 00 00 0c 00 00 00 00 00 00 00 00 00 00 
SO[13]: 0x00 00 00 00 00 01 00 00 00 00 00 00 00 00 00 00   w: 1

PO[14]: 0x00 00 00 00 00 01 00 00 00 00 00 00 00 00 00 00 
SO[14]: 0x00 00 00 00 00 08 00 00 00 00 00 00 00 00 00 00   w: 2

PO[15]: 0x00 00 00 00 00 00 00 00 08 00 00 00 00 00 00 00 
SO[15]: 0x00 00 00 00 00 00 00 00 04 00 00 00 00 00 00 00   w: 2

PO[16]: 0x00 00 00 00 00 00 00 00 00 00 00 00 04 00 00 00 
SO[16]: 0x00 00 00 00 00 00 00 00 00 00 00 00 06 00 00 00   w: 1

PO[17]: 0x04 00 00 00 00 00 00 00 00 00 00 02 00 00 00 00 
SO[17]: 0x06 00 00 00 00 00 00 00 00 00 00 06 00 00 00 00   w: 2

PO[18]: 0x00 00 00 00 04 00 00 00 00 00 02 00 00 00 00 06 
SO[18]: 0x00 00 00 00 06 00 00 00 00 00 06 00 00 00 00 08   w: 3




RNUM_19:  Bn:48 NP:2
PO[01]: 0x00 00 00 00 00 00 00 00 00 00 00 03 06 00 00 00 
SO[01]: 0x00 00 00 00 00 00 00 00 00 00 00 04 08 00 00 00   w: 2

PO[02]: 0x00 00 00 00 00 00 00 00 00 00 00 00 00 00 00 0c 
SO[02]: 0x00 00 00 00 00 00 00 00 00 00 00 00 00 00 00 01   w: 1

PO[03]: 0x00 00 00 00 00 00 00 00 00 00 00 00 00 00 00 01 
SO[03]: 0x00 00 00 00 00 00 00 00 00 00 00 00 00 00 00 08   w: 2

PO[04]: 0x00 00 08 00 00 00 00 00 00 00 00 00 00 00 00 00 
SO[04]: 0x00 00 0c 00 00 00 00 00 00 00 00 00 00 00 00 00   w: 2

PO[05]: 0x00 00 00 00 00 08 04 00 00 00 00 00 00 00 00 00 
SO[05]: 0x00 00 00 00 00 05 0e 00 00 00 00 00 00 00 00 00   w: 3

PO[06]: 0x00 00 00 00 00 03 00 00 00 0c 04 00 00 00 00 00 
SO[06]: 0x00 00 00 00 00 04 00 00 00 01 06 00 00 00 00 00   w: 3

PO[07]: 0x00 00 00 00 00 00 00 00 00 07 00 00 00 00 04 00 
SO[07]: 0x00 00 00 00 00 00 00 00 00 04 00 00 00 00 06 00   w: 2

PO[08]: 0x00 00 04 00 00 00 00 00 00 00 00 00 00 06 00 00 
SO[08]: 0x00 00 06 00 00 00 00 00 00 00 00 00 00 08 00 00   w: 2

PO[09]: 0x08 02 00 00 00 00 04 00 00 00 00 00 00 00 00 00 
SO[09]: 0x05 0a 00 00 00 00 06 00 00 00 00 00 00 00 00 00   w: 4

PO[10]: 0x03 00 00 00 0c 02 00 00 00 00 04 00 00 00 00 00 
SO[10]: 0x04 00 00 00 01 06 00 00 00 00 06 00 00 00 00 00   w: 4

PO[11]: 0x00 00 00 00 07 00 00 00 00 06 00 00 00 00 04 00 
SO[11]: 0x00 00 00 00 02 00 00 00 00 0c 00 00 00 00 06 00   w: 3

PO[12]: 0x00 00 04 02 00 00 00 00 00 00 00 00 08 06 00 00 
SO[12]: 0x00 00 07 0a 00 00 00 00 00 00 00 00 04 0c 00 00   w: 5

PO[13]: 0x0c 06 03 00 00 00 0c 00 00 00 00 00 00 00 00 00 
SO[13]: 0x04 08 04 00 00 00 01 00 00 00 00 00 00 00 00 00   w: 5

PO[14]: 0x00 00 00 00 0c 00 05 00 00 00 00 00 00 00 00 00 
SO[14]: 0x00 00 00 00 01 00 02 00 00 00 00 00 00 00 00 00   w: 2

PO[15]: 0x00 00 00 00 01 02 00 00 00 00 00 00 00 00 00 00 
SO[15]: 0x00 00 00 00 05 0a 00 00 00 00 00 00 00 00 00 00   w: 2

PO[16]: 0x00 00 00 00 03 00 00 00 0c 00 00 00 00 00 00 00 
SO[16]: 0x00 00 00 00 04 00 00 00 01 00 00 00 00 00 00 00   w: 2

PO[17]: 0x00 00 00 00 00 00 00 00 05 00 00 00 00 00 00 00 
SO[17]: 0x00 00 00 00 00 00 00 00 02 00 00 00 00 00 00 00   w: 1

PO[18]: 0x00 00 00 00 00 00 00 02 00 00 00 00 00 00 00 00 
SO[18]: 0x00 00 00 00 00 00 00 06 00 00 00 00 00 00 00 00   w: 1

PO[19]: 0x00 00 00 00 00 00 02 00 00 00 00 04 00 00 00 00 
SO[19]: 0x00 00 00 00 00 00 06 00 00 00 00 06 00 00 00 00   w: 2




RNUM_20:  Bn:51 NP:2
PO[01]: 0x00 00 00 00 00 00 00 00 00 00 00 03 06 00 00 00 
SO[01]: 0x00 00 00 00 00 00 00 00 00 00 00 04 08 00 00 00   w: 2

PO[02]: 0x00 00 00 00 00 00 00 00 00 00 00 00 00 00 00 0c 
SO[02]: 0x00 00 00 00 00 00 00 00 00 00 00 00 00 00 00 01   w: 1

PO[03]: 0x00 00 00 00 00 00 00 00 00 00 00 00 00 00 00 01 
SO[03]: 0x00 00 00 00 00 00 00 00 00 00 00 00 00 00 00 08   w: 2

PO[04]: 0x00 00 08 00 00 00 00 00 00 00 00 00 00 00 00 00 
SO[04]: 0x00 00 0c 00 00 00 00 00 00 00 00 00 00 00 00 00   w: 2

PO[05]: 0x00 00 00 00 00 08 04 00 00 00 00 00 00 00 00 00 
SO[05]: 0x00 00 00 00 00 05 0e 00 00 00 00 00 00 00 00 00   w: 3

PO[06]: 0x00 00 00 00 00 03 00 00 00 0c 04 00 00 00 00 00 
SO[06]: 0x00 00 00 00 00 04 00 00 00 01 06 00 00 00 00 00   w: 3

PO[07]: 0x00 00 00 00 00 00 00 00 00 07 00 00 00 00 04 00 
SO[07]: 0x00 00 00 00 00 00 00 00 00 04 00 00 00 00 06 00   w: 2

PO[08]: 0x00 00 04 00 00 00 00 00 00 00 00 00 00 06 00 00 
SO[08]: 0x00 00 06 00 00 00 00 00 00 00 00 00 00 08 00 00   w: 2

PO[09]: 0x08 02 00 00 00 00 04 00 00 00 00 00 00 00 00 00 
SO[09]: 0x05 0a 00 00 00 00 06 00 00 00 00 00 00 00 00 00   w: 4

PO[10]: 0x03 00 00 00 0c 02 00 00 00 00 04 00 00 00 00 00 
SO[10]: 0x04 00 00 00 01 06 00 00 00 00 06 00 00 00 00 00   w: 4

PO[11]: 0x00 00 00 00 07 00 00 00 00 06 00 00 00 00 04 00 
SO[11]: 0x00 00 00 00 02 00 00 00 00 0c 00 00 00 00 06 00   w: 3

PO[12]: 0x00 00 04 02 00 00 00 00 00 00 00 00 08 06 00 00 
SO[12]: 0x00 00 07 0a 00 00 00 00 00 00 00 00 04 0c 00 00   w: 5

PO[13]: 0x0c 06 03 00 00 00 0c 00 00 00 00 00 00 00 00 00 
SO[13]: 0x04 08 04 00 00 00 01 00 00 00 00 00 00 00 00 00   w: 5

PO[14]: 0x00 00 00 00 0c 00 05 00 00 00 00 00 00 00 00 00 
SO[14]: 0x00 00 00 00 01 00 02 00 00 00 00 00 00 00 00 00   w: 2

PO[15]: 0x00 00 00 00 01 02 00 00 00 00 00 00 00 00 00 00 
SO[15]: 0x00 00 00 00 05 0a 00 00 00 00 00 00 00 00 00 00   w: 2

PO[16]: 0x00 00 00 00 03 00 00 00 0c 00 00 00 00 00 00 00 
SO[16]: 0x00 00 00 00 04 00 00 00 01 00 00 00 00 00 00 00   w: 2

PO[17]: 0x00 00 00 00 00 00 00 00 05 00 00 00 00 00 00 00 
SO[17]: 0x00 00 00 00 00 00 00 00 02 00 00 00 00 00 00 00   w: 1

PO[18]: 0x00 00 00 00 00 00 00 02 00 00 00 00 00 00 00 00 
SO[18]: 0x00 00 00 00 00 00 00 06 00 00 00 00 00 00 00 00   w: 1

PO[19]: 0x00 00 00 00 00 00 02 00 00 00 00 04 00 00 00 00 
SO[19]: 0x00 00 00 00 00 00 06 00 00 00 00 06 00 00 00 00   w: 2

PO[20]: 0x00 00 00 00 00 02 00 00 00 00 06 00 00 00 00 04 
SO[20]: 0x00 00 00 00 00 06 00 00 00 00 08 00 00 00 00 06   w: 3




RNUM_21:  Bn:54 NP:3
PO[01]: 0x00 00 00 00 00 00 00 00 06 00 00 00 00 05 00 00 
SO[01]: 0x00 00 00 00 00 00 00 00 0c 00 00 00 00 02 00 00   w: 2

PO[02]: 0x00 00 00 00 00 00 00 00 00 00 00 08 06 00 00 00 
SO[02]: 0x00 00 00 00 00 00 00 00 00 00 00 04 08 00 00 00   w: 3

PO[03]: 0x00 00 00 00 00 00 00 00 00 00 00 00 00 00 00 0c 
SO[03]: 0x00 00 00 00 00 00 00 00 00 00 00 00 00 00 00 01   w: 1

PO[04]: 0x00 00 00 00 00 00 00 00 00 00 00 00 00 00 00 01 
SO[04]: 0x00 00 00 00 00 00 00 00 00 00 00 00 00 00 00 08   w: 2

PO[05]: 0x00 00 08 00 00 00 00 00 00 00 00 00 00 00 00 00 
SO[05]: 0x00 00 0c 00 00 00 00 00 00 00 00 00 00 00 00 00   w: 2

PO[06]: 0x00 00 00 00 00 08 04 00 00 00 00 00 00 00 00 00 
SO[06]: 0x00 00 00 00 00 05 0e 00 00 00 00 00 00 00 00 00   w: 3

PO[07]: 0x00 00 00 00 00 03 00 00 00 0c 04 00 00 00 00 00 
SO[07]: 0x00 00 00 00 00 04 00 00 00 01 06 00 00 00 00 00   w: 3

PO[08]: 0x00 00 00 00 00 00 00 00 00 07 00 00 00 00 04 00 
SO[08]: 0x00 00 00 00 00 00 00 00 00 04 00 00 00 00 06 00   w: 2

PO[09]: 0x00 00 04 00 00 00 00 00 00 00 00 00 00 06 00 00 
SO[09]: 0x00 00 06 00 00 00 00 00 00 00 00 00 00 08 00 00   w: 2

PO[10]: 0x08 02 00 00 00 00 04 00 00 00 00 00 00 00 00 00 
SO[10]: 0x05 0a 00 00 00 00 06 00 00 00 00 00 00 00 00 00   w: 4

PO[11]: 0x03 00 00 00 0c 02 00 00 00 00 04 00 00 00 00 00 
SO[11]: 0x04 00 00 00 01 06 00 00 00 00 06 00 00 00 00 00   w: 4

PO[12]: 0x00 00 00 00 07 00 00 00 00 06 00 00 00 00 04 00 
SO[12]: 0x00 00 00 00 02 00 00 00 00 0c 00 00 00 00 06 00   w: 3

PO[13]: 0x00 00 04 02 00 00 00 00 00 00 00 00 08 06 00 00 
SO[13]: 0x00 00 07 0a 00 00 00 00 00 00 00 00 04 0c 00 00   w: 5

PO[14]: 0x0c 06 03 00 00 00 0c 00 00 00 00 00 00 00 00 00 
SO[14]: 0x04 08 04 00 00 00 01 00 00 00 00 00 00 00 00 00   w: 5

PO[15]: 0x00 00 00 00 0c 00 05 00 00 00 00 00 00 00 00 00 
SO[15]: 0x00 00 00 00 01 00 02 00 00 00 00 00 00 00 00 00   w: 2

PO[16]: 0x00 00 00 00 01 02 00 00 00 00 00 00 00 00 00 00 
SO[16]: 0x00 00 00 00 05 0a 00 00 00 00 00 00 00 00 00 00   w: 2

PO[17]: 0x00 00 00 00 03 00 00 00 0c 00 00 00 00 00 00 00 
SO[17]: 0x00 00 00 00 04 00 00 00 01 00 00 00 00 00 00 00   w: 2

PO[18]: 0x00 00 00 00 00 00 00 00 05 00 00 00 00 00 00 00 
SO[18]: 0x00 00 00 00 00 00 00 00 02 00 00 00 00 00 00 00   w: 1

PO[19]: 0x00 00 00 00 00 00 00 02 00 00 00 00 00 00 00 00 
SO[19]: 0x00 00 00 00 00 00 00 06 00 00 00 00 00 00 00 00   w: 1

PO[20]: 0x00 00 00 00 00 00 02 00 00 00 00 04 00 00 00 00 
SO[20]: 0x00 00 00 00 00 00 06 00 00 00 00 06 00 00 00 00   w: 2

PO[21]: 0x00 00 00 00 00 02 00 00 00 00 06 00 00 00 00 04 
SO[21]: 0x00 00 00 00 00 06 00 00 00 00 08 00 00 00 00 06   w: 3




RNUM_22:  Bn:57 NP:4
PO[01]: 0x00 00 00 00 03 00 00 00 00 02 00 00 00 0c 00 00 
SO[01]: 0x00 00 00 00 04 00 00 00 00 06 00 00 00 01 00 00   w: 3

PO[02]: 0x00 00 00 00 00 00 00 00 06 00 00 00 00 05 00 00 
SO[02]: 0x00 00 00 00 00 00 00 00 0c 00 00 00 00 02 00 00   w: 2

PO[03]: 0x00 00 00 00 00 00 00 00 00 00 00 08 06 00 00 00 
SO[03]: 0x00 00 00 00 00 00 00 00 00 00 00 04 08 00 00 00   w: 3

PO[04]: 0x00 00 00 00 00 00 00 00 00 00 00 00 00 00 00 0c 
SO[04]: 0x00 00 00 00 00 00 00 00 00 00 00 00 00 00 00 01   w: 1

PO[05]: 0x00 00 00 00 00 00 00 00 00 00 00 00 00 00 00 01 
SO[05]: 0x00 00 00 00 00 00 00 00 00 00 00 00 00 00 00 08   w: 2

PO[06]: 0x00 00 08 00 00 00 00 00 00 00 00 00 00 00 00 00 
SO[06]: 0x00 00 0c 00 00 00 00 00 00 00 00 00 00 00 00 00   w: 2

PO[07]: 0x00 00 00 00 00 08 04 00 00 00 00 00 00 00 00 00 
SO[07]: 0x00 00 00 00 00 05 0e 00 00 00 00 00 00 00 00 00   w: 3

PO[08]: 0x00 00 00 00 00 03 00 00 00 0c 04 00 00 00 00 00 
SO[08]: 0x00 00 00 00 00 04 00 00 00 01 06 00 00 00 00 00   w: 3

PO[09]: 0x00 00 00 00 00 00 00 00 00 07 00 00 00 00 04 00 
SO[09]: 0x00 00 00 00 00 00 00 00 00 04 00 00 00 00 06 00   w: 2

PO[10]: 0x00 00 04 00 00 00 00 00 00 00 00 00 00 06 00 00 
SO[10]: 0x00 00 06 00 00 00 00 00 00 00 00 00 00 08 00 00   w: 2

PO[11]: 0x08 02 00 00 00 00 04 00 00 00 00 00 00 00 00 00 
SO[11]: 0x05 0a 00 00 00 00 06 00 00 00 00 00 00 00 00 00   w: 4

PO[12]: 0x03 00 00 00 0c 02 00 00 00 00 04 00 00 00 00 00 
SO[12]: 0x04 00 00 00 01 06 00 00 00 00 06 00 00 00 00 00   w: 4

PO[13]: 0x00 00 00 00 07 00 00 00 00 06 00 00 00 00 04 00 
SO[13]: 0x00 00 00 00 02 00 00 00 00 0c 00 00 00 00 06 00   w: 3

PO[14]: 0x00 00 04 02 00 00 00 00 00 00 00 00 08 06 00 00 
SO[14]: 0x00 00 07 0a 00 00 00 00 00 00 00 00 04 0c 00 00   w: 5

PO[15]: 0x0c 06 03 00 00 00 0c 00 00 00 00 00 00 00 00 00 
SO[15]: 0x04 08 04 00 00 00 01 00 00 00 00 00 00 00 00 00   w: 5

PO[16]: 0x00 00 00 00 0c 00 05 00 00 00 00 00 00 00 00 00 
SO[16]: 0x00 00 00 00 01 00 02 00 00 00 00 00 00 00 00 00   w: 2

PO[17]: 0x00 00 00 00 01 02 00 00 00 00 00 00 00 00 00 00 
SO[17]: 0x00 00 00 00 05 0a 00 00 00 00 00 00 00 00 00 00   w: 2

PO[18]: 0x00 00 00 00 03 00 00 00 0c 00 00 00 00 00 00 00 
SO[18]: 0x00 00 00 00 04 00 00 00 01 00 00 00 00 00 00 00   w: 2

PO[19]: 0x00 00 00 00 00 00 00 00 05 00 00 00 00 00 00 00 
SO[19]: 0x00 00 00 00 00 00 00 00 02 00 00 00 00 00 00 00   w: 1

PO[20]: 0x00 00 00 00 00 00 00 02 00 00 00 00 00 00 00 00 
SO[20]: 0x00 00 00 00 00 00 00 06 00 00 00 00 00 00 00 00   w: 1

PO[21]: 0x00 00 00 00 00 00 02 00 00 00 00 04 00 00 00 00 
SO[21]: 0x00 00 00 00 00 00 06 00 00 00 00 06 00 00 00 00   w: 2

PO[22]: 0x00 00 00 00 00 02 00 00 00 00 06 00 00 00 00 04 
SO[22]: 0x00 00 00 00 00 06 00 00 00 00 08 00 00 00 00 06   w: 3




RNUM_23:  Bn:60 NP:2
PO[01]: 0x00 00 00 00 00 00 00 00 00 00 00 03 06 00 00 00 
SO[01]: 0x00 00 00 00 00 00 00 00 00 00 00 04 08 00 00 00   w: 2

PO[02]: 0x00 00 00 00 00 00 00 00 00 00 00 00 00 00 00 0c 
SO[02]: 0x00 00 00 00 00 00 00 00 00 00 00 00 00 00 00 01   w: 1

PO[03]: 0x00 00 00 00 00 00 00 00 00 00 00 00 00 00 00 01 
SO[03]: 0x00 00 00 00 00 00 00 00 00 00 00 00 00 00 00 08   w: 2

PO[04]: 0x00 00 08 00 00 00 00 00 00 00 00 00 00 00 00 00 
SO[04]: 0x00 00 0c 00 00 00 00 00 00 00 00 00 00 00 00 00   w: 2

PO[05]: 0x00 00 00 00 00 08 04 00 00 00 00 00 00 00 00 00 
SO[05]: 0x00 00 00 00 00 05 0e 00 00 00 00 00 00 00 00 00   w: 3

PO[06]: 0x00 00 00 00 00 03 00 00 00 0c 04 00 00 00 00 00 
SO[06]: 0x00 00 00 00 00 04 00 00 00 01 06 00 00 00 00 00   w: 3

PO[07]: 0x00 00 00 00 00 00 00 00 00 07 00 00 00 00 04 00 
SO[07]: 0x00 00 00 00 00 00 00 00 00 04 00 00 00 00 06 00   w: 2

PO[08]: 0x00 00 04 00 00 00 00 00 00 00 00 00 00 06 00 00 
SO[08]: 0x00 00 06 00 00 00 00 00 00 00 00 00 00 08 00 00   w: 2

PO[09]: 0x08 02 00 00 00 00 04 00 00 00 00 00 00 00 00 00 
SO[09]: 0x05 0a 00 00 00 00 06 00 00 00 00 00 00 00 00 00   w: 4

PO[10]: 0x03 00 00 00 0c 02 00 00 00 00 04 00 00 00 00 00 
SO[10]: 0x04 00 00 00 01 06 00 00 00 00 06 00 00 00 00 00   w: 4

PO[11]: 0x00 00 00 00 07 00 00 00 00 06 00 00 00 00 04 00 
SO[11]: 0x00 00 00 00 02 00 00 00 00 0c 00 00 00 00 06 00   w: 3

PO[12]: 0x00 00 04 02 00 00 00 00 00 00 00 00 08 06 00 00 
SO[12]: 0x00 00 07 0a 00 00 00 00 00 00 00 00 04 0c 00 00   w: 5

PO[13]: 0x0c 06 03 00 00 00 0c 00 00 00 00 00 00 00 00 00 
SO[13]: 0x04 08 04 00 00 00 01 00 00 00 00 00 00 00 00 00   w: 5

PO[14]: 0x00 00 00 00 0c 00 05 00 00 00 00 00 00 00 00 00 
SO[14]: 0x00 00 00 00 01 00 02 00 00 00 00 00 00 00 00 00   w: 2

PO[15]: 0x00 00 00 00 01 02 00 00 00 00 00 00 00 00 00 00 
SO[15]: 0x00 00 00 00 05 0a 00 00 00 00 00 00 00 00 00 00   w: 2

PO[16]: 0x00 00 00 00 03 00 00 00 0c 00 00 00 00 00 00 00 
SO[16]: 0x00 00 00 00 08 00 00 00 01 00 00 00 00 00 00 00   w: 3

PO[17]: 0x00 00 00 00 00 00 00 08 01 00 00 00 00 00 00 00 
SO[17]: 0x00 00 00 00 00 00 00 04 08 00 00 00 00 00 00 00   w: 4

PO[18]: 0x00 00 00 00 00 00 00 00 00 00 00 0c 00 00 00 00 
SO[18]: 0x00 00 00 00 00 00 00 00 00 00 00 01 00 00 00 00   w: 1

PO[19]: 0x00 00 00 00 00 00 00 00 00 00 00 01 00 00 00 00 
SO[19]: 0x00 00 00 00 00 00 00 00 00 00 00 08 00 00 00 00   w: 2

PO[20]: 0x00 00 00 00 00 00 00 00 00 00 00 00 00 00 08 00 
SO[20]: 0x00 00 00 00 00 00 00 00 00 00 00 00 00 00 04 00   w: 2

PO[21]: 0x00 00 04 00 00 00 00 00 00 00 00 00 00 00 00 00 
SO[21]: 0x00 00 06 00 00 00 00 00 00 00 00 00 00 00 00 00   w: 1

PO[22]: 0x00 02 00 00 00 00 04 00 00 00 00 00 00 00 00 00 
SO[22]: 0x00 06 00 00 00 00 06 00 00 00 00 00 00 00 00 00   w: 2

PO[23]: 0x02 00 00 00 00 06 00 00 00 00 04 00 00 00 00 00 
SO[23]: 0x06 00 00 00 00 08 00 00 00 00 06 00 00 00 00 00   w: 3




RNUM_24:  Bn:63 NP:3
PO[01]: 0x00 00 00 00 00 00 00 00 06 00 00 00 00 05 00 00 
SO[01]: 0x00 00 00 00 00 00 00 00 0c 00 00 00 00 02 00 00   w: 2

PO[02]: 0x00 00 00 00 00 00 00 00 00 00 00 08 06 00 00 00 
SO[02]: 0x00 00 00 00 00 00 00 00 00 00 00 04 08 00 00 00   w: 3

PO[03]: 0x00 00 00 00 00 00 00 00 00 00 00 00 00 00 00 0c 
SO[03]: 0x00 00 00 00 00 00 00 00 00 00 00 00 00 00 00 01   w: 1

PO[04]: 0x00 00 00 00 00 00 00 00 00 00 00 00 00 00 00 01 
SO[04]: 0x00 00 00 00 00 00 00 00 00 00 00 00 00 00 00 08   w: 2

PO[05]: 0x00 00 08 00 00 00 00 00 00 00 00 00 00 00 00 00 
SO[05]: 0x00 00 0c 00 00 00 00 00 00 00 00 00 00 00 00 00   w: 2

PO[06]: 0x00 00 00 00 00 08 04 00 00 00 00 00 00 00 00 00 
SO[06]: 0x00 00 00 00 00 05 0e 00 00 00 00 00 00 00 00 00   w: 3

PO[07]: 0x00 00 00 00 00 03 00 00 00 0c 04 00 00 00 00 00 
SO[07]: 0x00 00 00 00 00 04 00 00 00 01 06 00 00 00 00 00   w: 3

PO[08]: 0x00 00 00 00 00 00 00 00 00 07 00 00 00 00 04 00 
SO[08]: 0x00 00 00 00 00 00 00 00 00 04 00 00 00 00 06 00   w: 2

PO[09]: 0x00 00 04 00 00 00 00 00 00 00 00 00 00 06 00 00 
SO[09]: 0x00 00 06 00 00 00 00 00 00 00 00 00 00 08 00 00   w: 2

PO[10]: 0x08 02 00 00 00 00 04 00 00 00 00 00 00 00 00 00 
SO[10]: 0x05 0a 00 00 00 00 06 00 00 00 00 00 00 00 00 00   w: 4

PO[11]: 0x03 00 00 00 0c 02 00 00 00 00 04 00 00 00 00 00 
SO[11]: 0x04 00 00 00 01 06 00 00 00 00 06 00 00 00 00 00   w: 4

PO[12]: 0x00 00 00 00 07 00 00 00 00 06 00 00 00 00 04 00 
SO[12]: 0x00 00 00 00 02 00 00 00 00 0c 00 00 00 00 06 00   w: 3

PO[13]: 0x00 00 04 02 00 00 00 00 00 00 00 00 08 06 00 00 
SO[13]: 0x00 00 07 0a 00 00 00 00 00 00 00 00 04 0c 00 00   w: 5

PO[14]: 0x0c 06 03 00 00 00 0c 00 00 00 00 00 00 00 00 00 
SO[14]: 0x04 08 04 00 00 00 01 00 00 00 00 00 00 00 00 00   w: 5

PO[15]: 0x00 00 00 00 0c 00 05 00 00 00 00 00 00 00 00 00 
SO[15]: 0x00 00 00 00 01 00 02 00 00 00 00 00 00 00 00 00   w: 2

PO[16]: 0x00 00 00 00 01 02 00 00 00 00 00 00 00 00 00 00 
SO[16]: 0x00 00 00 00 05 0a 00 00 00 00 00 00 00 00 00 00   w: 2

PO[17]: 0x00 00 00 00 03 00 00 00 0c 00 00 00 00 00 00 00 
SO[17]: 0x00 00 00 00 08 00 00 00 01 00 00 00 00 00 00 00   w: 3

PO[18]: 0x00 00 00 00 00 00 00 08 01 00 00 00 00 00 00 00 
SO[18]: 0x00 00 00 00 00 00 00 04 08 00 00 00 00 00 00 00   w: 4

PO[19]: 0x00 00 00 00 00 00 00 00 00 00 00 0c 00 00 00 00 
SO[19]: 0x00 00 00 00 00 00 00 00 00 00 00 01 00 00 00 00   w: 1

PO[20]: 0x00 00 00 00 00 00 00 00 00 00 00 01 00 00 00 00 
SO[20]: 0x00 00 00 00 00 00 00 00 00 00 00 08 00 00 00 00   w: 2

PO[21]: 0x00 00 00 00 00 00 00 00 00 00 00 00 00 00 08 00 
SO[21]: 0x00 00 00 00 00 00 00 00 00 00 00 00 00 00 04 00   w: 2

PO[22]: 0x00 00 04 00 00 00 00 00 00 00 00 00 00 00 00 00 
SO[22]: 0x00 00 06 00 00 00 00 00 00 00 00 00 00 00 00 00   w: 1

PO[23]: 0x00 02 00 00 00 00 04 00 00 00 00 00 00 00 00 00 
SO[23]: 0x00 06 00 00 00 00 06 00 00 00 00 00 00 00 00 00   w: 2

PO[24]: 0x02 00 00 00 00 06 00 00 00 00 04 00 00 00 00 00 
SO[24]: 0x06 00 00 00 00 08 00 00 00 00 06 00 00 00 00 00   w: 3




RNUM_25:  Bn:66 NP:4
PO[01]: 0x00 00 00 00 03 00 00 00 00 02 00 00 00 0c 00 00 
SO[01]: 0x00 00 00 00 04 00 00 00 00 06 00 00 00 01 00 00   w: 3

PO[02]: 0x00 00 00 00 00 00 00 00 06 00 00 00 00 05 00 00 
SO[02]: 0x00 00 00 00 00 00 00 00 0c 00 00 00 00 02 00 00   w: 2

PO[03]: 0x00 00 00 00 00 00 00 00 00 00 00 08 06 00 00 00 
SO[03]: 0x00 00 00 00 00 00 00 00 00 00 00 04 08 00 00 00   w: 3

PO[04]: 0x00 00 00 00 00 00 00 00 00 00 00 00 00 00 00 0c 
SO[04]: 0x00 00 00 00 00 00 00 00 00 00 00 00 00 00 00 01   w: 1

PO[05]: 0x00 00 00 00 00 00 00 00 00 00 00 00 00 00 00 01 
SO[05]: 0x00 00 00 00 00 00 00 00 00 00 00 00 00 00 00 08   w: 2

PO[06]: 0x00 00 08 00 00 00 00 00 00 00 00 00 00 00 00 00 
SO[06]: 0x00 00 0c 00 00 00 00 00 00 00 00 00 00 00 00 00   w: 2

PO[07]: 0x00 00 00 00 00 08 04 00 00 00 00 00 00 00 00 00 
SO[07]: 0x00 00 00 00 00 05 0e 00 00 00 00 00 00 00 00 00   w: 3

PO[08]: 0x00 00 00 00 00 03 00 00 00 0c 04 00 00 00 00 00 
SO[08]: 0x00 00 00 00 00 04 00 00 00 01 06 00 00 00 00 00   w: 3

PO[09]: 0x00 00 00 00 00 00 00 00 00 07 00 00 00 00 04 00 
SO[09]: 0x00 00 00 00 00 00 00 00 00 04 00 00 00 00 06 00   w: 2

PO[10]: 0x00 00 04 00 00 00 00 00 00 00 00 00 00 06 00 00 
SO[10]: 0x00 00 06 00 00 00 00 00 00 00 00 00 00 08 00 00   w: 2

PO[11]: 0x08 02 00 00 00 00 04 00 00 00 00 00 00 00 00 00 
SO[11]: 0x05 0a 00 00 00 00 06 00 00 00 00 00 00 00 00 00   w: 4

PO[12]: 0x03 00 00 00 0c 02 00 00 00 00 04 00 00 00 00 00 
SO[12]: 0x04 00 00 00 01 06 00 00 00 00 06 00 00 00 00 00   w: 4

PO[13]: 0x00 00 00 00 07 00 00 00 00 06 00 00 00 00 04 00 
SO[13]: 0x00 00 00 00 02 00 00 00 00 0c 00 00 00 00 06 00   w: 3

PO[14]: 0x00 00 04 02 00 00 00 00 00 00 00 00 08 06 00 00 
SO[14]: 0x00 00 07 0a 00 00 00 00 00 00 00 00 04 0c 00 00   w: 5

PO[15]: 0x0c 06 03 00 00 00 0c 00 00 00 00 00 00 00 00 00 
SO[15]: 0x04 08 04 00 00 00 01 00 00 00 00 00 00 00 00 00   w: 5

PO[16]: 0x00 00 00 00 0c 00 05 00 00 00 00 00 00 00 00 00 
SO[16]: 0x00 00 00 00 01 00 02 00 00 00 00 00 00 00 00 00   w: 2

PO[17]: 0x00 00 00 00 01 02 00 00 00 00 00 00 00 00 00 00 
SO[17]: 0x00 00 00 00 05 0a 00 00 00 00 00 00 00 00 00 00   w: 2

PO[18]: 0x00 00 00 00 03 00 00 00 0c 00 00 00 00 00 00 00 
SO[18]: 0x00 00 00 00 08 00 00 00 01 00 00 00 00 00 00 00   w: 3

PO[19]: 0x00 00 00 00 00 00 00 08 01 00 00 00 00 00 00 00 
SO[19]: 0x00 00 00 00 00 00 00 04 08 00 00 00 00 00 00 00   w: 4

PO[20]: 0x00 00 00 00 00 00 00 00 00 00 00 0c 00 00 00 00 
SO[20]: 0x00 00 00 00 00 00 00 00 00 00 00 01 00 00 00 00   w: 1

PO[21]: 0x00 00 00 00 00 00 00 00 00 00 00 01 00 00 00 00 
SO[21]: 0x00 00 00 00 00 00 00 00 00 00 00 08 00 00 00 00   w: 2

PO[22]: 0x00 00 00 00 00 00 00 00 00 00 00 00 00 00 08 00 
SO[22]: 0x00 00 00 00 00 00 00 00 00 00 00 00 00 00 04 00   w: 2

PO[23]: 0x00 00 04 00 00 00 00 00 00 00 00 00 00 00 00 00 
SO[23]: 0x00 00 06 00 00 00 00 00 00 00 00 00 00 00 00 00   w: 1

PO[24]: 0x00 02 00 00 00 00 04 00 00 00 00 00 00 00 00 00 
SO[24]: 0x00 06 00 00 00 00 06 00 00 00 00 00 00 00 00 00   w: 2

PO[25]: 0x02 00 00 00 00 06 00 00 00 00 04 00 00 00 00 00 
SO[25]: 0x06 00 00 00 00 08 00 00 00 00 06 00 00 00 00 00   w: 3



