
RNUM_2:  Bn:4.000000 NP:1
PO[01]: 0x0 0 0 0 0 0 0 0 0 0 0 0 0 0 0 7 
SO[01]: 0x0 0 0 0 0 0 0 0 0 0 0 0 0 0 0 1   w: 2.000000

PO[02]: 0x0 0 0 0 0 0 0 0 0 0 0 0 0 0 0 1 
SO[02]: 0x0 0 0 0 0 0 0 0 0 0 0 0 0 0 0 3   w: 2.000000




RNUM_3:  Bn:8.000000 NP:1
PO[01]: 0x0 0 0 0 0 0 0 0 0 0 0 0 0 0 0 7 
SO[01]: 0x0 0 0 0 0 0 0 0 0 0 0 0 0 0 0 1   w: 2.000000

PO[02]: 0x0 0 0 0 0 0 0 0 0 0 0 0 0 0 0 1 
SO[02]: 0x0 0 0 0 0 0 0 0 0 0 0 0 0 0 0 3   w: 2.000000

PO[03]: 0x0 0 0 0 0 0 0 0 0 0 0 1 0 0 0 1 
SO[03]: 0x0 0 0 0 0 0 0 0 0 0 0 3 0 0 0 3   w: 4.000000




RNUM_4:  Bn:12.000000 NP:2
PO[01]: 0x0 0 0 0 0 0 0 0 0 0 0 0 7 0 0 7 
SO[01]: 0x0 0 0 0 0 0 0 0 0 0 0 0 1 0 0 1   w: 4.000000

PO[02]: 0x0 0 0 0 0 0 0 0 0 0 0 0 0 0 0 9 
SO[02]: 0x0 0 0 0 0 0 0 0 0 0 0 0 0 0 0 4   w: 2.000000

PO[03]: 0x0 0 0 0 0 0 0 1 0 0 0 0 0 0 0 0 
SO[03]: 0x0 0 0 0 0 0 0 3 0 0 0 0 0 0 0 0   w: 2.000000

PO[04]: 0x0 0 0 0 0 0 0 0 0 1 0 0 0 1 0 0 
SO[04]: 0x0 0 0 0 0 0 0 0 0 3 0 0 0 3 0 0   w: 4.000000




RNUM_5:  Bn:20.000000 NP:2
PO[01]: 0x0 0 0 0 0 0 0 0 0 0 0 0 7 0 0 7 
SO[01]: 0x0 0 0 0 0 0 0 0 0 0 0 0 1 0 0 1   w: 4.000000

PO[02]: 0x0 0 0 0 0 0 0 0 0 0 0 0 0 0 0 9 
SO[02]: 0x0 0 0 0 0 0 0 0 0 0 0 0 0 0 0 4   w: 2.000000

PO[03]: 0x0 0 0 0 0 0 0 1 0 0 0 0 0 0 0 0 
SO[03]: 0x0 0 0 0 0 0 0 3 0 0 0 0 0 0 0 0   w: 2.000000

PO[04]: 0x0 0 0 0 0 0 0 0 0 1 0 0 0 1 0 0 
SO[04]: 0x0 0 0 0 0 0 0 0 0 3 0 0 0 3 0 0   w: 4.000000

PO[05]: 0x0 0 0 0 0 0 0 0 0 0 4 4 0 0 4 4 
SO[05]: 0x0 0 0 0 0 0 0 0 0 0 5 5 0 0 5 5   w: 8.000000




RNUM_6:  Bn:24.000000 NP:1
PO[01]: 0x0 0 0 0 0 0 0 0 0 0 0 0 1 0 0 1 
SO[01]: 0x0 0 0 0 0 0 0 0 0 0 0 0 9 0 0 9   w: 4.000000

PO[02]: 0x0 0 0 9 0 0 0 0 0 0 0 0 0 0 0 9 
SO[02]: 0x0 0 0 4 0 0 0 0 0 0 0 0 0 0 0 4   w: 4.000000

PO[03]: 0x0 0 0 0 1 0 0 1 0 0 0 0 0 0 0 0 
SO[03]: 0x0 0 0 0 3 0 0 3 0 0 0 0 0 0 0 0   w: 4.000000

PO[04]: 0x0 0 0 0 0 0 0 0 0 9 0 0 0 9 0 0 
SO[04]: 0x0 0 0 0 0 0 0 0 0 4 0 0 0 4 0 0   w: 4.000000

PO[05]: 0x0 0 0 0 0 0 4 4 0 0 0 0 0 0 0 0 
SO[05]: 0x0 0 0 0 0 0 5 5 0 0 0 0 0 0 0 0   w: 4.000000

PO[06]: 0x0 0 0 0 0 3 0 0 0 0 0 0 0 3 0 0 
SO[06]: 0x0 0 0 0 0 6 0 0 0 0 0 0 0 6 0 0   w: 4.000000




RNUM_7:  Bn:28.000000 NP:2
PO[01]: 0x0 0 0 7 0 0 0 0 0 0 0 0 0 0 0 7 
SO[01]: 0x0 0 0 1 0 0 0 0 0 0 0 0 0 0 0 1   w: 4.000000

PO[02]: 0x0 0 0 0 0 0 0 0 0 0 0 0 1 0 0 1 
SO[02]: 0x0 0 0 0 0 0 0 0 0 0 0 0 9 0 0 9   w: 4.000000

PO[03]: 0x0 0 0 9 0 0 0 0 0 0 0 0 0 0 0 9 
SO[03]: 0x0 0 0 4 0 0 0 0 0 0 0 0 0 0 0 4   w: 4.000000

PO[04]: 0x0 0 0 0 1 0 0 1 0 0 0 0 0 0 0 0 
SO[04]: 0x0 0 0 0 3 0 0 3 0 0 0 0 0 0 0 0   w: 4.000000

PO[05]: 0x0 0 0 0 0 0 0 0 0 9 0 0 0 9 0 0 
SO[05]: 0x0 0 0 0 0 0 0 0 0 4 0 0 0 4 0 0   w: 4.000000

PO[06]: 0x0 0 0 0 0 0 4 4 0 0 0 0 0 0 0 0 
SO[06]: 0x0 0 0 0 0 0 5 5 0 0 0 0 0 0 0 0   w: 4.000000

PO[07]: 0x0 0 0 0 0 3 0 0 0 0 0 0 0 3 0 0 
SO[07]: 0x0 0 0 0 0 6 0 0 0 0 0 0 0 6 0 0   w: 4.000000




RNUM_8:  Bn:32.000000 NP:1
PO[01]: 0x0 0 0 0 0 0 0 0 0 0 0 0 0 0 0 7 
SO[01]: 0x0 0 0 0 0 0 0 0 0 0 0 0 0 0 0 1   w: 2.000000

PO[02]: 0x0 0 0 0 0 0 0 0 0 0 0 0 0 0 0 1 
SO[02]: 0x0 0 0 0 0 0 0 0 0 0 0 0 0 0 0 9   w: 2.000000

PO[03]: 0x0 0 0 1 0 0 0 0 0 0 0 0 0 0 0 1 
SO[03]: 0x0 0 0 9 0 0 0 0 0 0 0 0 0 0 0 9   w: 4.000000

PO[04]: 0x1 0 0 1 0 0 0 0 0 0 0 0 1 0 0 1 
SO[04]: 0x9 0 0 9 0 0 0 0 0 0 0 0 9 0 0 9   w: 8.000000

PO[05]: 0x9 0 0 9 0 0 0 0 0 0 0 0 9 0 0 9 
SO[05]: 0x4 0 0 4 0 0 0 0 0 0 0 0 4 0 0 4   w: 8.000000

PO[06]: 0x0 0 0 0 9 0 0 9 0 0 0 0 0 0 0 0 
SO[06]: 0x0 0 0 0 4 0 0 4 0 0 0 0 0 0 0 0   w: 4.000000

PO[07]: 0x0 0 0 0 0 9 0 0 0 0 0 0 0 0 0 0 
SO[07]: 0x0 0 0 0 0 4 0 0 0 0 0 0 0 0 0 0   w: 2.000000

PO[08]: 0x0 0 0 0 0 4 0 0 0 0 0 0 0 0 0 0 
SO[08]: 0x0 0 0 0 0 5 0 0 0 0 0 0 0 0 0 0   w: 2.000000




RNUM_9:  Bn:36.000000 NP:1
PO[01]: 0x0 0 0 0 0 0 0 0 0 0 0 0 0 0 0 7 
SO[01]: 0x0 0 0 0 0 0 0 0 0 0 0 0 0 0 0 1   w: 2.000000

PO[02]: 0x0 0 0 0 0 0 0 0 0 0 0 0 0 0 0 1 
SO[02]: 0x0 0 0 0 0 0 0 0 0 0 0 0 0 0 0 9   w: 2.000000

PO[03]: 0x0 0 0 1 0 0 0 0 0 0 0 0 0 0 0 1 
SO[03]: 0x0 0 0 9 0 0 0 0 0 0 0 0 0 0 0 9   w: 4.000000

PO[04]: 0x1 0 0 1 0 0 0 0 0 0 0 0 1 0 0 1 
SO[04]: 0x9 0 0 9 0 0 0 0 0 0 0 0 9 0 0 9   w: 8.000000

PO[05]: 0x9 0 0 9 0 0 0 0 0 0 0 0 9 0 0 9 
SO[05]: 0x4 0 0 4 0 0 0 0 0 0 0 0 4 0 0 4   w: 8.000000

PO[06]: 0x0 0 0 0 9 0 0 9 0 0 0 0 0 0 0 0 
SO[06]: 0x0 0 0 0 4 0 0 4 0 0 0 0 0 0 0 0   w: 4.000000

PO[07]: 0x0 0 0 0 0 9 0 0 0 0 0 0 0 0 0 0 
SO[07]: 0x0 0 0 0 0 4 0 0 0 0 0 0 0 0 0 0   w: 2.000000

PO[08]: 0x0 0 0 0 0 4 0 0 0 0 0 0 0 0 0 0 
SO[08]: 0x0 0 0 0 0 5 0 0 0 0 0 0 0 0 0 0   w: 2.000000

PO[09]: 0x0 0 0 0 0 4 0 0 0 0 0 0 0 4 0 0 
SO[09]: 0x0 0 0 0 0 5 0 0 0 0 0 0 0 5 0 0   w: 4.000000




RNUM_10:  Bn:41.000000 NP:2
PO[01]: 0x0 0 0 0 0 0 0 0 0 0 0 0 0 0 7 7 
SO[01]: 0x0 0 0 0 0 0 0 0 0 0 0 0 0 0 1 1   w: 4.000000

PO[02]: 0x0 0 0 0 0 0 0 0 0 0 0 0 0 0 0 3 
SO[02]: 0x0 0 0 0 0 0 0 0 0 0 0 0 0 0 0 1   w: 3.000000

PO[03]: 0x0 0 0 0 0 0 0 0 0 0 0 0 0 0 0 1 
SO[03]: 0x0 0 0 0 0 0 0 0 0 0 0 0 0 0 0 9   w: 2.000000

PO[04]: 0x0 0 0 1 0 0 0 0 0 0 0 0 0 0 0 1 
SO[04]: 0x0 0 0 9 0 0 0 0 0 0 0 0 0 0 0 9   w: 4.000000

PO[05]: 0x1 0 0 1 0 0 0 0 0 0 0 0 1 0 0 1 
SO[05]: 0x9 0 0 9 0 0 0 0 0 0 0 0 9 0 0 9   w: 8.000000

PO[06]: 0x9 0 0 9 0 0 0 0 0 0 0 0 9 0 0 9 
SO[06]: 0x4 0 0 4 0 0 0 0 0 0 0 0 4 0 0 4   w: 8.000000

PO[07]: 0x0 0 0 0 9 0 0 9 0 0 0 0 0 0 0 0 
SO[07]: 0x0 0 0 0 4 0 0 4 0 0 0 0 0 0 0 0   w: 4.000000

PO[08]: 0x0 0 0 0 0 9 0 0 0 0 0 0 0 0 0 0 
SO[08]: 0x0 0 0 0 0 4 0 0 0 0 0 0 0 0 0 0   w: 2.000000

PO[09]: 0x0 0 0 0 0 4 0 0 0 0 0 0 0 0 0 0 
SO[09]: 0x0 0 0 0 0 5 0 0 0 0 0 0 0 0 0 0   w: 2.000000

PO[10]: 0x0 0 0 0 0 4 0 0 0 0 0 0 0 4 0 0 
SO[10]: 0x0 0 0 0 0 5 0 0 0 0 0 0 0 5 0 0   w: 4.000000




RNUM_11:  Bn:46.000000 NP:1
PO[01]: 0x0 0 0 0 0 0 0 0 0 0 0 7 0 0 0 7 
SO[01]: 0x0 0 0 0 0 0 0 0 0 0 0 1 0 0 0 1   w: 4.000000

PO[02]: 0x0 0 0 0 0 0 0 0 0 0 0 0 0 0 1 1 
SO[02]: 0x0 0 0 0 0 0 0 0 0 0 0 0 0 0 9 9   w: 4.000000

PO[03]: 0x0 0 0 3 0 0 0 0 0 0 0 0 0 0 0 3 
SO[03]: 0x0 0 0 1 0 0 0 0 0 0 0 0 0 0 0 1   w: 6.000000

PO[04]: 0x0 0 0 0 0 0 0 0 0 0 0 0 1 0 0 1 
SO[04]: 0x0 0 0 0 0 0 0 0 0 0 0 0 9 0 0 9   w: 4.000000

PO[05]: 0x0 0 0 9 0 0 0 0 0 0 0 0 0 0 0 9 
SO[05]: 0x0 0 0 4 0 0 0 0 0 0 0 0 0 0 0 4   w: 4.000000

PO[06]: 0x0 0 0 0 1 0 0 1 0 0 0 0 0 0 0 0 
SO[06]: 0x0 0 0 0 9 0 0 9 0 0 0 0 0 0 0 0   w: 4.000000

PO[07]: 0x0 9 0 0 0 0 0 0 0 0 0 0 0 9 0 0 
SO[07]: 0x0 4 0 0 0 0 0 0 0 0 0 0 0 4 0 0   w: 4.000000

PO[08]: 0x0 0 0 0 4 0 0 4 0 0 0 0 0 0 0 0 
SO[08]: 0x0 0 0 0 5 0 0 5 0 0 0 0 0 0 0 0   w: 4.000000

PO[09]: 0x0 0 0 0 0 9 0 0 0 0 0 0 0 9 0 0 
SO[09]: 0x0 0 0 0 0 4 0 0 0 0 0 0 0 4 0 0   w: 4.000000

PO[10]: 0x0 0 0 0 0 4 0 4 0 0 0 0 0 0 0 0 
SO[10]: 0x0 0 0 0 0 5 0 5 0 0 0 0 0 0 0 0   w: 4.000000

PO[11]: 0x0 0 0 0 0 5 0 0 0 0 0 0 0 5 0 0 
SO[11]: 0x0 0 0 0 0 c 0 0 0 0 0 0 0 c 0 0   w: 4.000000




RNUM_12:  Bn:52.000000 NP:1
PO[01]: 0x0 0 0 0 0 0 0 0 0 0 0 7 0 0 0 7 
SO[01]: 0x0 0 0 0 0 0 0 0 0 0 0 1 0 0 0 1   w: 4.000000

PO[02]: 0x0 0 0 0 0 0 0 0 0 0 0 0 0 0 1 1 
SO[02]: 0x0 0 0 0 0 0 0 0 0 0 0 0 0 0 9 9   w: 4.000000

PO[03]: 0x0 0 0 3 0 0 0 0 0 0 0 0 0 0 0 3 
SO[03]: 0x0 0 0 1 0 0 0 0 0 0 0 0 0 0 0 1   w: 6.000000

PO[04]: 0x0 0 0 0 0 0 0 0 0 0 0 0 1 0 0 1 
SO[04]: 0x0 0 0 0 0 0 0 0 0 0 0 0 9 0 0 9   w: 4.000000

PO[05]: 0x0 0 0 9 0 0 0 0 0 0 0 0 0 0 0 9 
SO[05]: 0x0 0 0 4 0 0 0 0 0 0 0 0 0 0 0 4   w: 4.000000

PO[06]: 0x0 0 0 0 1 0 0 1 0 0 0 0 0 0 0 0 
SO[06]: 0x0 0 0 0 9 0 0 9 0 0 0 0 0 0 0 0   w: 4.000000

PO[07]: 0x0 9 0 0 0 0 0 0 0 0 0 0 0 9 0 0 
SO[07]: 0x0 4 0 0 0 0 0 0 0 0 0 0 0 4 0 0   w: 4.000000

PO[08]: 0x0 0 0 0 4 0 0 4 0 0 0 0 0 0 0 0 
SO[08]: 0x0 0 0 0 5 0 0 5 0 0 0 0 0 0 0 0   w: 4.000000

PO[09]: 0x0 0 0 0 0 9 0 0 0 0 0 0 0 9 0 0 
SO[09]: 0x0 0 0 0 0 4 0 0 0 0 0 0 0 4 0 0   w: 4.000000

PO[10]: 0x0 0 0 0 0 4 0 4 0 0 0 0 0 0 0 0 
SO[10]: 0x0 0 0 0 0 5 0 5 0 0 0 0 0 0 0 0   w: 4.000000

PO[11]: 0x0 0 0 0 0 5 0 0 0 0 0 0 0 5 0 0 
SO[11]: 0x0 0 0 0 0 1 0 0 0 0 0 0 0 1 0 0   w: 6.000000

PO[12]: 0x0 0 0 0 0 0 0 0 0 0 0 0 0 4 0 4 
SO[12]: 0x0 0 0 0 0 0 0 0 0 0 0 0 0 5 0 5   w: 4.000000




RNUM_13:  Bn:56.000000 NP:1
PO[01]: 0x0 0 0 0 0 0 0 0 0 0 0 7 0 0 0 7 
SO[01]: 0x0 0 0 0 0 0 0 0 0 0 0 1 0 0 0 1   w: 4.000000

PO[02]: 0x0 0 0 0 0 0 0 0 0 0 0 0 0 0 1 1 
SO[02]: 0x0 0 0 0 0 0 0 0 0 0 0 0 0 0 9 9   w: 4.000000

PO[03]: 0x0 0 0 3 0 0 0 0 0 0 0 0 0 0 0 3 
SO[03]: 0x0 0 0 1 0 0 0 0 0 0 0 0 0 0 0 1   w: 6.000000

PO[04]: 0x0 0 0 0 0 0 0 0 0 0 0 0 1 0 0 1 
SO[04]: 0x0 0 0 0 0 0 0 0 0 0 0 0 9 0 0 9   w: 4.000000

PO[05]: 0x0 0 0 9 0 0 0 0 0 0 0 0 0 0 0 9 
SO[05]: 0x0 0 0 4 0 0 0 0 0 0 0 0 0 0 0 4   w: 4.000000

PO[06]: 0x0 0 0 0 1 0 0 1 0 0 0 0 0 0 0 0 
SO[06]: 0x0 0 0 0 9 0 0 9 0 0 0 0 0 0 0 0   w: 4.000000

PO[07]: 0x0 9 0 0 0 0 0 0 0 0 0 0 0 9 0 0 
SO[07]: 0x0 4 0 0 0 0 0 0 0 0 0 0 0 4 0 0   w: 4.000000

PO[08]: 0x0 0 0 0 4 0 0 4 0 0 0 0 0 0 0 0 
SO[08]: 0x0 0 0 0 5 0 0 5 0 0 0 0 0 0 0 0   w: 4.000000

PO[09]: 0x0 0 0 0 0 9 0 0 0 0 0 0 0 9 0 0 
SO[09]: 0x0 0 0 0 0 4 0 0 0 0 0 0 0 4 0 0   w: 4.000000

PO[10]: 0x0 0 0 0 0 4 0 4 0 0 0 0 0 0 0 0 
SO[10]: 0x0 0 0 0 0 5 0 5 0 0 0 0 0 0 0 0   w: 4.000000

PO[11]: 0x0 0 0 0 0 5 0 0 0 0 0 0 0 5 0 0 
SO[11]: 0x0 0 0 0 0 1 0 0 0 0 0 0 0 1 0 0   w: 6.000000

PO[12]: 0x0 0 0 0 0 0 0 0 0 0 0 0 0 4 0 4 
SO[12]: 0x0 0 0 0 0 0 0 0 0 0 0 0 0 5 0 5   w: 4.000000

PO[13]: 0x0 0 0 0 0 0 0 5 0 0 0 0 0 0 0 5 
SO[13]: 0x0 0 0 0 0 0 0 c 0 0 0 0 0 0 0 c   w: 4.000000




RNUM_14:  Bn:62.000000 NP:1
PO[01]: 0x0 0 0 0 0 0 0 0 0 0 0 7 0 0 0 7 
SO[01]: 0x0 0 0 0 0 0 0 0 0 0 0 1 0 0 0 1   w: 4.000000

PO[02]: 0x0 0 0 0 0 0 0 0 0 0 0 0 0 0 1 1 
SO[02]: 0x0 0 0 0 0 0 0 0 0 0 0 0 0 0 9 9   w: 4.000000

PO[03]: 0x0 0 0 3 0 0 0 0 0 0 0 0 0 0 0 3 
SO[03]: 0x0 0 0 1 0 0 0 0 0 0 0 0 0 0 0 1   w: 6.000000

PO[04]: 0x0 0 0 0 0 0 0 0 0 0 0 0 1 0 0 1 
SO[04]: 0x0 0 0 0 0 0 0 0 0 0 0 0 9 0 0 9   w: 4.000000

PO[05]: 0x0 0 0 9 0 0 0 0 0 0 0 0 0 0 0 9 
SO[05]: 0x0 0 0 4 0 0 0 0 0 0 0 0 0 0 0 4   w: 4.000000

PO[06]: 0x0 0 0 0 1 0 0 1 0 0 0 0 0 0 0 0 
SO[06]: 0x0 0 0 0 9 0 0 9 0 0 0 0 0 0 0 0   w: 4.000000

PO[07]: 0x0 9 0 0 0 0 0 0 0 0 0 0 0 9 0 0 
SO[07]: 0x0 4 0 0 0 0 0 0 0 0 0 0 0 4 0 0   w: 4.000000

PO[08]: 0x0 0 0 0 4 0 0 4 0 0 0 0 0 0 0 0 
SO[08]: 0x0 0 0 0 5 0 0 5 0 0 0 0 0 0 0 0   w: 4.000000

PO[09]: 0x0 0 0 0 0 9 0 0 0 0 0 0 0 9 0 0 
SO[09]: 0x0 0 0 0 0 4 0 0 0 0 0 0 0 4 0 0   w: 4.000000

PO[10]: 0x0 0 0 0 0 4 0 4 0 0 0 0 0 0 0 0 
SO[10]: 0x0 0 0 0 0 5 0 5 0 0 0 0 0 0 0 0   w: 4.000000

PO[11]: 0x0 0 0 0 0 5 0 0 0 0 0 0 0 5 0 0 
SO[11]: 0x0 0 0 0 0 1 0 0 0 0 0 0 0 1 0 0   w: 6.000000

PO[12]: 0x0 0 0 0 0 0 0 0 0 0 0 0 0 4 0 4 
SO[12]: 0x0 0 0 0 0 0 0 0 0 0 0 0 0 5 0 5   w: 4.000000

PO[13]: 0x0 0 0 0 0 0 0 5 0 0 0 0 0 0 0 5 
SO[13]: 0x0 0 0 0 0 0 0 1 0 0 0 0 0 0 0 1   w: 6.000000

PO[14]: 0x0 0 0 0 0 0 0 0 0 0 0 0 0 1 0 1 
SO[14]: 0x0 0 0 0 0 0 0 0 0 0 0 0 0 3 0 3   w: 4.000000




RNUM_15:  Bn:66.000000 NP:1
PO[01]: 0x0 0 0 0 0 0 0 0 0 0 0 7 0 0 0 7 
SO[01]: 0x0 0 0 0 0 0 0 0 0 0 0 1 0 0 0 1   w: 4.000000

PO[02]: 0x0 0 0 0 0 0 0 0 0 0 0 0 0 0 1 1 
SO[02]: 0x0 0 0 0 0 0 0 0 0 0 0 0 0 0 9 9   w: 4.000000

PO[03]: 0x0 0 0 3 0 0 0 0 0 0 0 0 0 0 0 3 
SO[03]: 0x0 0 0 1 0 0 0 0 0 0 0 0 0 0 0 1   w: 6.000000

PO[04]: 0x0 0 0 0 0 0 0 0 0 0 0 0 1 0 0 1 
SO[04]: 0x0 0 0 0 0 0 0 0 0 0 0 0 9 0 0 9   w: 4.000000

PO[05]: 0x0 0 0 9 0 0 0 0 0 0 0 0 0 0 0 9 
SO[05]: 0x0 0 0 4 0 0 0 0 0 0 0 0 0 0 0 4   w: 4.000000

PO[06]: 0x0 0 0 0 1 0 0 1 0 0 0 0 0 0 0 0 
SO[06]: 0x0 0 0 0 9 0 0 9 0 0 0 0 0 0 0 0   w: 4.000000

PO[07]: 0x0 9 0 0 0 0 0 0 0 0 0 0 0 9 0 0 
SO[07]: 0x0 4 0 0 0 0 0 0 0 0 0 0 0 4 0 0   w: 4.000000

PO[08]: 0x0 0 0 0 4 0 0 4 0 0 0 0 0 0 0 0 
SO[08]: 0x0 0 0 0 5 0 0 5 0 0 0 0 0 0 0 0   w: 4.000000

PO[09]: 0x0 0 0 0 0 9 0 0 0 0 0 0 0 9 0 0 
SO[09]: 0x0 0 0 0 0 4 0 0 0 0 0 0 0 4 0 0   w: 4.000000

PO[10]: 0x0 0 0 0 0 4 0 4 0 0 0 0 0 0 0 0 
SO[10]: 0x0 0 0 0 0 5 0 5 0 0 0 0 0 0 0 0   w: 4.000000

PO[11]: 0x0 0 0 0 0 5 0 0 0 0 0 0 0 5 0 0 
SO[11]: 0x0 0 0 0 0 1 0 0 0 0 0 0 0 1 0 0   w: 6.000000

PO[12]: 0x0 0 0 0 0 0 0 0 0 0 0 0 0 4 0 4 
SO[12]: 0x0 0 0 0 0 0 0 0 0 0 0 0 0 5 0 5   w: 4.000000

PO[13]: 0x0 0 0 0 0 0 0 5 0 0 0 0 0 0 0 5 
SO[13]: 0x0 0 0 0 0 0 0 1 0 0 0 0 0 0 0 1   w: 6.000000

PO[14]: 0x0 0 0 0 0 0 0 0 0 0 0 0 0 1 0 1 
SO[14]: 0x0 0 0 0 0 0 0 0 0 0 0 0 0 3 0 3   w: 4.000000

PO[15]: 0x0 0 0 0 0 0 0 0 0 0 0 5 0 0 0 5 
SO[15]: 0x0 0 0 0 0 0 0 0 0 0 0 c 0 0 0 c   w: 4.000000




RNUM_16:  Bn:70.000000 NP:1
PO[01]: 0x0 0 0 0 0 0 0 0 0 0 0 0 1 0 0 1 
SO[01]: 0x0 0 0 0 0 0 0 0 0 0 0 0 3 0 0 3   w: 4.000000

PO[02]: 0x0 0 0 0 0 0 0 0 0 0 0 9 0 0 0 9 
SO[02]: 0x0 0 0 0 0 0 0 0 0 0 0 4 0 0 0 4   w: 4.000000

PO[03]: 0x0 0 0 0 0 0 1 1 0 0 0 0 0 0 0 0 
SO[03]: 0x0 0 0 0 0 0 3 3 0 0 0 0 0 0 0 0   w: 4.000000

PO[04]: 0x0 0 0 0 0 0 0 0 0 3 0 0 0 3 0 0 
SO[04]: 0x0 0 0 0 0 0 0 0 0 1 0 0 0 1 0 0   w: 6.000000

PO[05]: 0x0 0 0 0 0 0 0 0 0 0 0 0 0 0 4 4 
SO[05]: 0x0 0 0 0 0 0 0 0 0 0 0 0 0 0 5 5   w: 4.000000

PO[06]: 0x0 0 0 0 0 0 0 3 0 0 0 0 0 0 0 3 
SO[06]: 0x0 0 0 0 0 0 0 1 0 0 0 0 0 0 0 1   w: 6.000000

PO[07]: 0x0 0 0 0 0 0 0 0 0 0 0 0 0 1 0 1 
SO[07]: 0x0 0 0 0 0 0 0 0 0 0 0 0 0 9 0 9   w: 4.000000

PO[08]: 0x0 0 0 5 0 0 0 0 0 0 0 0 0 0 0 5 
SO[08]: 0x0 0 0 1 0 0 0 0 0 0 0 0 0 0 0 1   w: 6.000000

PO[09]: 0x0 0 0 0 0 0 0 0 0 0 0 0 1 0 0 1 
SO[09]: 0x0 0 0 0 0 0 0 0 0 0 0 0 9 0 0 9   w: 4.000000

PO[10]: 0x0 0 0 9 0 0 0 0 0 0 0 0 0 0 0 9 
SO[10]: 0x0 0 0 4 0 0 0 0 0 0 0 0 0 0 0 4   w: 4.000000

PO[11]: 0x0 0 0 0 1 0 0 1 0 0 0 0 0 0 0 0 
SO[11]: 0x0 0 0 0 9 0 0 9 0 0 0 0 0 0 0 0   w: 4.000000

PO[12]: 0x0 9 0 0 0 0 0 0 0 0 0 0 0 9 0 0 
SO[12]: 0x0 4 0 0 0 0 0 0 0 0 0 0 0 4 0 0   w: 4.000000

PO[13]: 0x0 0 0 0 4 0 0 4 0 0 0 0 0 0 0 0 
SO[13]: 0x0 0 0 0 5 0 0 5 0 0 0 0 0 0 0 0   w: 4.000000

PO[14]: 0x0 0 0 0 0 9 0 0 0 0 0 0 0 9 0 0 
SO[14]: 0x0 0 0 0 0 4 0 0 0 0 0 0 0 4 0 0   w: 4.000000

PO[15]: 0x0 0 0 0 0 4 0 4 0 0 0 0 0 0 0 0 
SO[15]: 0x0 0 0 0 0 5 0 5 0 0 0 0 0 0 0 0   w: 4.000000

PO[16]: 0x0 0 0 0 0 5 0 0 0 0 0 0 0 5 0 0 
SO[16]: 0x0 0 0 0 0 c 0 0 0 0 0 0 0 c 0 0   w: 4.000000




RNUM_17:  Bn:74.000000 NP:2
PO[01]: 0x0 0 0 7 0 0 0 0 0 0 0 0 0 0 0 7 
SO[01]: 0x0 0 0 1 0 0 0 0 0 0 0 0 0 0 0 1   w: 4.000000

PO[02]: 0x0 0 0 0 0 0 0 0 0 0 0 0 1 0 0 1 
SO[02]: 0x0 0 0 0 0 0 0 0 0 0 0 0 3 0 0 3   w: 4.000000

PO[03]: 0x0 0 0 0 0 0 0 0 0 0 0 9 0 0 0 9 
SO[03]: 0x0 0 0 0 0 0 0 0 0 0 0 4 0 0 0 4   w: 4.000000

PO[04]: 0x0 0 0 0 0 0 1 1 0 0 0 0 0 0 0 0 
SO[04]: 0x0 0 0 0 0 0 3 3 0 0 0 0 0 0 0 0   w: 4.000000

PO[05]: 0x0 0 0 0 0 0 0 0 0 3 0 0 0 3 0 0 
SO[05]: 0x0 0 0 0 0 0 0 0 0 1 0 0 0 1 0 0   w: 6.000000

PO[06]: 0x0 0 0 0 0 0 0 0 0 0 0 0 0 0 4 4 
SO[06]: 0x0 0 0 0 0 0 0 0 0 0 0 0 0 0 5 5   w: 4.000000

PO[07]: 0x0 0 0 0 0 0 0 3 0 0 0 0 0 0 0 3 
SO[07]: 0x0 0 0 0 0 0 0 1 0 0 0 0 0 0 0 1   w: 6.000000

PO[08]: 0x0 0 0 0 0 0 0 0 0 0 0 0 0 1 0 1 
SO[08]: 0x0 0 0 0 0 0 0 0 0 0 0 0 0 9 0 9   w: 4.000000

PO[09]: 0x0 0 0 5 0 0 0 0 0 0 0 0 0 0 0 5 
SO[09]: 0x0 0 0 1 0 0 0 0 0 0 0 0 0 0 0 1   w: 6.000000

PO[10]: 0x0 0 0 0 0 0 0 0 0 0 0 0 1 0 0 1 
SO[10]: 0x0 0 0 0 0 0 0 0 0 0 0 0 9 0 0 9   w: 4.000000

PO[11]: 0x0 0 0 9 0 0 0 0 0 0 0 0 0 0 0 9 
SO[11]: 0x0 0 0 4 0 0 0 0 0 0 0 0 0 0 0 4   w: 4.000000

PO[12]: 0x0 0 0 0 1 0 0 1 0 0 0 0 0 0 0 0 
SO[12]: 0x0 0 0 0 9 0 0 9 0 0 0 0 0 0 0 0   w: 4.000000

PO[13]: 0x0 9 0 0 0 0 0 0 0 0 0 0 0 9 0 0 
SO[13]: 0x0 4 0 0 0 0 0 0 0 0 0 0 0 4 0 0   w: 4.000000

PO[14]: 0x0 0 0 0 4 0 0 4 0 0 0 0 0 0 0 0 
SO[14]: 0x0 0 0 0 5 0 0 5 0 0 0 0 0 0 0 0   w: 4.000000

PO[15]: 0x0 0 0 0 0 9 0 0 0 0 0 0 0 9 0 0 
SO[15]: 0x0 0 0 0 0 4 0 0 0 0 0 0 0 4 0 0   w: 4.000000

PO[16]: 0x0 0 0 0 0 4 0 4 0 0 0 0 0 0 0 0 
SO[16]: 0x0 0 0 0 0 5 0 5 0 0 0 0 0 0 0 0   w: 4.000000

PO[17]: 0x0 0 0 0 0 5 0 0 0 0 0 0 0 5 0 0 
SO[17]: 0x0 0 0 0 0 c 0 0 0 0 0 0 0 c 0 0   w: 4.000000




RNUM_18:  Bn:78.000000 NP:1
PO[01]: 0x0 0 0 0 0 0 0 0 0 0 0 0 1 0 0 1 
SO[01]: 0x0 0 0 0 0 0 0 0 0 0 0 0 9 0 0 9   w: 4.000000

PO[02]: 0x0 0 0 9 0 0 0 0 0 0 0 0 0 0 0 9 
SO[02]: 0x0 0 0 4 0 0 0 0 0 0 0 0 0 0 0 4   w: 4.000000

PO[03]: 0x0 0 0 0 1 0 0 1 0 0 0 0 0 0 0 0 
SO[03]: 0x0 0 0 0 3 0 0 3 0 0 0 0 0 0 0 0   w: 4.000000

PO[04]: 0x0 0 0 0 0 0 0 0 0 9 0 0 0 9 0 0 
SO[04]: 0x0 0 0 0 0 0 0 0 0 4 0 0 0 4 0 0   w: 4.000000

PO[05]: 0x0 0 0 0 0 0 4 4 0 0 0 0 0 0 0 0 
SO[05]: 0x0 0 0 0 0 0 5 5 0 0 0 0 0 0 0 0   w: 4.000000

PO[06]: 0x0 0 0 0 0 3 0 0 0 0 0 0 0 3 0 0 
SO[06]: 0x0 0 0 0 0 1 0 0 0 0 0 0 0 1 0 0   w: 6.000000

PO[07]: 0x0 0 0 0 0 0 0 0 0 0 0 0 0 4 0 4 
SO[07]: 0x0 0 0 0 0 0 0 0 0 0 0 0 0 5 0 5   w: 4.000000

PO[08]: 0x0 0 0 0 0 0 0 5 0 0 0 0 0 0 0 5 
SO[08]: 0x0 0 0 0 0 0 0 1 0 0 0 0 0 0 0 1   w: 6.000000

PO[09]: 0x0 0 0 0 0 0 0 0 0 0 0 0 0 1 0 1 
SO[09]: 0x0 0 0 0 0 0 0 0 0 0 0 0 0 9 0 9   w: 4.000000

PO[10]: 0x0 0 0 5 0 0 0 0 0 0 0 0 0 0 0 5 
SO[10]: 0x0 0 0 1 0 0 0 0 0 0 0 0 0 0 0 1   w: 6.000000

PO[11]: 0x0 0 0 0 0 0 0 0 0 0 0 0 1 0 0 1 
SO[11]: 0x0 0 0 0 0 0 0 0 0 0 0 0 9 0 0 9   w: 4.000000

PO[12]: 0x0 0 0 9 0 0 0 0 0 0 0 0 0 0 0 9 
SO[12]: 0x0 0 0 4 0 0 0 0 0 0 0 0 0 0 0 4   w: 4.000000

PO[13]: 0x0 0 0 0 1 0 0 1 0 0 0 0 0 0 0 0 
SO[13]: 0x0 0 0 0 9 0 0 9 0 0 0 0 0 0 0 0   w: 4.000000

PO[14]: 0x0 9 0 0 0 0 0 0 0 0 0 0 0 9 0 0 
SO[14]: 0x0 4 0 0 0 0 0 0 0 0 0 0 0 4 0 0   w: 4.000000

PO[15]: 0x0 0 0 0 4 0 0 4 0 0 0 0 0 0 0 0 
SO[15]: 0x0 0 0 0 5 0 0 5 0 0 0 0 0 0 0 0   w: 4.000000

PO[16]: 0x0 0 0 0 0 9 0 0 0 0 0 0 0 9 0 0 
SO[16]: 0x0 0 0 0 0 4 0 0 0 0 0 0 0 4 0 0   w: 4.000000

PO[17]: 0x0 0 0 0 0 4 0 4 0 0 0 0 0 0 0 0 
SO[17]: 0x0 0 0 0 0 5 0 5 0 0 0 0 0 0 0 0   w: 4.000000

PO[18]: 0x0 0 0 0 0 5 0 0 0 0 0 0 0 5 0 0 
SO[18]: 0x0 0 0 0 0 c 0 0 0 0 0 0 0 c 0 0   w: 4.000000




RNUM_19:  Bn:82.000000 NP:2
PO[01]: 0x0 0 0 7 0 0 0 0 0 0 0 0 0 0 0 7 
SO[01]: 0x0 0 0 1 0 0 0 0 0 0 0 0 0 0 0 1   w: 4.000000

PO[02]: 0x0 0 0 0 0 0 0 0 0 0 0 0 1 0 0 1 
SO[02]: 0x0 0 0 0 0 0 0 0 0 0 0 0 9 0 0 9   w: 4.000000

PO[03]: 0x0 0 0 9 0 0 0 0 0 0 0 0 0 0 0 9 
SO[03]: 0x0 0 0 4 0 0 0 0 0 0 0 0 0 0 0 4   w: 4.000000

PO[04]: 0x0 0 0 0 1 0 0 1 0 0 0 0 0 0 0 0 
SO[04]: 0x0 0 0 0 3 0 0 3 0 0 0 0 0 0 0 0   w: 4.000000

PO[05]: 0x0 0 0 0 0 0 0 0 0 9 0 0 0 9 0 0 
SO[05]: 0x0 0 0 0 0 0 0 0 0 4 0 0 0 4 0 0   w: 4.000000

PO[06]: 0x0 0 0 0 0 0 4 4 0 0 0 0 0 0 0 0 
SO[06]: 0x0 0 0 0 0 0 5 5 0 0 0 0 0 0 0 0   w: 4.000000

PO[07]: 0x0 0 0 0 0 3 0 0 0 0 0 0 0 3 0 0 
SO[07]: 0x0 0 0 0 0 1 0 0 0 0 0 0 0 1 0 0   w: 6.000000

PO[08]: 0x0 0 0 0 0 0 0 0 0 0 0 0 0 4 0 4 
SO[08]: 0x0 0 0 0 0 0 0 0 0 0 0 0 0 5 0 5   w: 4.000000

PO[09]: 0x0 0 0 0 0 0 0 5 0 0 0 0 0 0 0 5 
SO[09]: 0x0 0 0 0 0 0 0 1 0 0 0 0 0 0 0 1   w: 6.000000

PO[10]: 0x0 0 0 0 0 0 0 0 0 0 0 0 0 1 0 1 
SO[10]: 0x0 0 0 0 0 0 0 0 0 0 0 0 0 9 0 9   w: 4.000000

PO[11]: 0x0 0 0 5 0 0 0 0 0 0 0 0 0 0 0 5 
SO[11]: 0x0 0 0 1 0 0 0 0 0 0 0 0 0 0 0 1   w: 6.000000

PO[12]: 0x0 0 0 0 0 0 0 0 0 0 0 0 1 0 0 1 
SO[12]: 0x0 0 0 0 0 0 0 0 0 0 0 0 9 0 0 9   w: 4.000000

PO[13]: 0x0 0 0 9 0 0 0 0 0 0 0 0 0 0 0 9 
SO[13]: 0x0 0 0 4 0 0 0 0 0 0 0 0 0 0 0 4   w: 4.000000

PO[14]: 0x0 0 0 0 1 0 0 1 0 0 0 0 0 0 0 0 
SO[14]: 0x0 0 0 0 9 0 0 9 0 0 0 0 0 0 0 0   w: 4.000000

PO[15]: 0x0 9 0 0 0 0 0 0 0 0 0 0 0 9 0 0 
SO[15]: 0x0 4 0 0 0 0 0 0 0 0 0 0 0 4 0 0   w: 4.000000

PO[16]: 0x0 0 0 0 4 0 0 4 0 0 0 0 0 0 0 0 
SO[16]: 0x0 0 0 0 5 0 0 5 0 0 0 0 0 0 0 0   w: 4.000000

PO[17]: 0x0 0 0 0 0 9 0 0 0 0 0 0 0 9 0 0 
SO[17]: 0x0 0 0 0 0 4 0 0 0 0 0 0 0 4 0 0   w: 4.000000

PO[18]: 0x0 0 0 0 0 4 0 4 0 0 0 0 0 0 0 0 
SO[18]: 0x0 0 0 0 0 5 0 5 0 0 0 0 0 0 0 0   w: 4.000000

PO[19]: 0x0 0 0 0 0 5 0 0 0 0 0 0 0 5 0 0 
SO[19]: 0x0 0 0 0 0 c 0 0 0 0 0 0 0 c 0 0   w: 4.000000




RNUM_20:  Bn:86.000000 NP:1
PO[01]: 0x0 0 0 0 0 0 0 0 0 0 0 0 1 0 0 1 
SO[01]: 0x0 0 0 0 0 0 0 0 0 0 0 0 9 0 0 9   w: 4.000000

PO[02]: 0x0 0 0 9 0 0 0 0 0 0 0 0 0 0 0 9 
SO[02]: 0x0 0 0 4 0 0 0 0 0 0 0 0 0 0 0 4   w: 4.000000

PO[03]: 0x0 0 0 0 1 0 0 1 0 0 0 0 0 0 0 0 
SO[03]: 0x0 0 0 0 9 0 0 9 0 0 0 0 0 0 0 0   w: 4.000000

PO[04]: 0x0 9 0 0 0 0 0 0 0 0 0 0 0 9 0 0 
SO[04]: 0x0 4 0 0 0 0 0 0 0 0 0 0 0 4 0 0   w: 4.000000

PO[05]: 0x0 0 0 0 4 0 0 4 0 0 0 0 0 0 0 0 
SO[05]: 0x0 0 0 0 5 0 0 5 0 0 0 0 0 0 0 0   w: 4.000000

PO[06]: 0x0 0 0 0 0 9 0 0 0 0 0 0 0 9 0 0 
SO[06]: 0x0 0 0 0 0 4 0 0 0 0 0 0 0 4 0 0   w: 4.000000

PO[07]: 0x0 0 0 0 0 4 0 4 0 0 0 0 0 0 0 0 
SO[07]: 0x0 0 0 0 0 5 0 5 0 0 0 0 0 0 0 0   w: 4.000000

PO[08]: 0x0 0 0 0 0 5 0 0 0 0 0 0 0 5 0 0 
SO[08]: 0x0 0 0 0 0 1 0 0 0 0 0 0 0 1 0 0   w: 6.000000

PO[09]: 0x0 0 0 0 0 0 0 0 0 0 0 0 0 4 0 4 
SO[09]: 0x0 0 0 0 0 0 0 0 0 0 0 0 0 5 0 5   w: 4.000000

PO[10]: 0x0 0 0 0 0 0 0 5 0 0 0 0 0 0 0 5 
SO[10]: 0x0 0 0 0 0 0 0 1 0 0 0 0 0 0 0 1   w: 6.000000

PO[11]: 0x0 0 0 0 0 0 0 0 0 0 0 0 0 1 0 1 
SO[11]: 0x0 0 0 0 0 0 0 0 0 0 0 0 0 9 0 9   w: 4.000000

PO[12]: 0x0 0 0 5 0 0 0 0 0 0 0 0 0 0 0 5 
SO[12]: 0x0 0 0 1 0 0 0 0 0 0 0 0 0 0 0 1   w: 6.000000

PO[13]: 0x0 0 0 0 0 0 0 0 0 0 0 0 1 0 0 1 
SO[13]: 0x0 0 0 0 0 0 0 0 0 0 0 0 9 0 0 9   w: 4.000000

PO[14]: 0x0 0 0 9 0 0 0 0 0 0 0 0 0 0 0 9 
SO[14]: 0x0 0 0 4 0 0 0 0 0 0 0 0 0 0 0 4   w: 4.000000

PO[15]: 0x0 0 0 0 1 0 0 1 0 0 0 0 0 0 0 0 
SO[15]: 0x0 0 0 0 9 0 0 9 0 0 0 0 0 0 0 0   w: 4.000000

PO[16]: 0x0 9 0 0 0 0 0 0 0 0 0 0 0 9 0 0 
SO[16]: 0x0 4 0 0 0 0 0 0 0 0 0 0 0 4 0 0   w: 4.000000

PO[17]: 0x0 0 0 0 4 0 0 4 0 0 0 0 0 0 0 0 
SO[17]: 0x0 0 0 0 5 0 0 5 0 0 0 0 0 0 0 0   w: 4.000000

PO[18]: 0x0 0 0 0 0 9 0 0 0 0 0 0 0 9 0 0 
SO[18]: 0x0 0 0 0 0 4 0 0 0 0 0 0 0 4 0 0   w: 4.000000

PO[19]: 0x0 0 0 0 0 4 0 4 0 0 0 0 0 0 0 0 
SO[19]: 0x0 0 0 0 0 5 0 5 0 0 0 0 0 0 0 0   w: 4.000000

PO[20]: 0x0 0 0 0 0 5 0 0 0 0 0 0 0 5 0 0 
SO[20]: 0x0 0 0 0 0 c 0 0 0 0 0 0 0 c 0 0   w: 4.000000




RNUM_21:  Bn:90.000000 NP:2
PO[01]: 0x0 0 0 7 0 0 0 0 0 0 0 0 0 0 0 7 
SO[01]: 0x0 0 0 1 0 0 0 0 0 0 0 0 0 0 0 1   w: 4.000000

PO[02]: 0x0 0 0 0 0 0 0 0 0 0 0 0 1 0 0 1 
SO[02]: 0x0 0 0 0 0 0 0 0 0 0 0 0 9 0 0 9   w: 4.000000

PO[03]: 0x0 0 0 9 0 0 0 0 0 0 0 0 0 0 0 9 
SO[03]: 0x0 0 0 4 0 0 0 0 0 0 0 0 0 0 0 4   w: 4.000000

PO[04]: 0x0 0 0 0 1 0 0 1 0 0 0 0 0 0 0 0 
SO[04]: 0x0 0 0 0 9 0 0 9 0 0 0 0 0 0 0 0   w: 4.000000

PO[05]: 0x0 9 0 0 0 0 0 0 0 0 0 0 0 9 0 0 
SO[05]: 0x0 4 0 0 0 0 0 0 0 0 0 0 0 4 0 0   w: 4.000000

PO[06]: 0x0 0 0 0 4 0 0 4 0 0 0 0 0 0 0 0 
SO[06]: 0x0 0 0 0 5 0 0 5 0 0 0 0 0 0 0 0   w: 4.000000

PO[07]: 0x0 0 0 0 0 9 0 0 0 0 0 0 0 9 0 0 
SO[07]: 0x0 0 0 0 0 4 0 0 0 0 0 0 0 4 0 0   w: 4.000000

PO[08]: 0x0 0 0 0 0 4 0 4 0 0 0 0 0 0 0 0 
SO[08]: 0x0 0 0 0 0 5 0 5 0 0 0 0 0 0 0 0   w: 4.000000

PO[09]: 0x0 0 0 0 0 5 0 0 0 0 0 0 0 5 0 0 
SO[09]: 0x0 0 0 0 0 1 0 0 0 0 0 0 0 1 0 0   w: 6.000000

PO[10]: 0x0 0 0 0 0 0 0 0 0 0 0 0 0 4 0 4 
SO[10]: 0x0 0 0 0 0 0 0 0 0 0 0 0 0 5 0 5   w: 4.000000

PO[11]: 0x0 0 0 0 0 0 0 5 0 0 0 0 0 0 0 5 
SO[11]: 0x0 0 0 0 0 0 0 1 0 0 0 0 0 0 0 1   w: 6.000000

PO[12]: 0x0 0 0 0 0 0 0 0 0 0 0 0 0 1 0 1 
SO[12]: 0x0 0 0 0 0 0 0 0 0 0 0 0 0 9 0 9   w: 4.000000

PO[13]: 0x0 0 0 5 0 0 0 0 0 0 0 0 0 0 0 5 
SO[13]: 0x0 0 0 1 0 0 0 0 0 0 0 0 0 0 0 1   w: 6.000000

PO[14]: 0x0 0 0 0 0 0 0 0 0 0 0 0 1 0 0 1 
SO[14]: 0x0 0 0 0 0 0 0 0 0 0 0 0 9 0 0 9   w: 4.000000

PO[15]: 0x0 0 0 9 0 0 0 0 0 0 0 0 0 0 0 9 
SO[15]: 0x0 0 0 4 0 0 0 0 0 0 0 0 0 0 0 4   w: 4.000000

PO[16]: 0x0 0 0 0 1 0 0 1 0 0 0 0 0 0 0 0 
SO[16]: 0x0 0 0 0 9 0 0 9 0 0 0 0 0 0 0 0   w: 4.000000

PO[17]: 0x0 9 0 0 0 0 0 0 0 0 0 0 0 9 0 0 
SO[17]: 0x0 4 0 0 0 0 0 0 0 0 0 0 0 4 0 0   w: 4.000000

PO[18]: 0x0 0 0 0 4 0 0 4 0 0 0 0 0 0 0 0 
SO[18]: 0x0 0 0 0 5 0 0 5 0 0 0 0 0 0 0 0   w: 4.000000

PO[19]: 0x0 0 0 0 0 9 0 0 0 0 0 0 0 9 0 0 
SO[19]: 0x0 0 0 0 0 4 0 0 0 0 0 0 0 4 0 0   w: 4.000000

PO[20]: 0x0 0 0 0 0 4 0 4 0 0 0 0 0 0 0 0 
SO[20]: 0x0 0 0 0 0 5 0 5 0 0 0 0 0 0 0 0   w: 4.000000

PO[21]: 0x0 0 0 0 0 5 0 0 0 0 0 0 0 5 0 0 
SO[21]: 0x0 0 0 0 0 c 0 0 0 0 0 0 0 c 0 0   w: 4.000000




RNUM_22:  Bn:96.000000 NP:2
PO[01]: 0x0 0 0 7 0 0 0 0 0 0 0 0 0 0 0 7 
SO[01]: 0x0 0 0 1 0 0 0 0 0 0 0 0 0 0 0 1   w: 4.000000

PO[02]: 0x0 0 0 0 0 0 0 0 0 0 0 0 1 0 0 1 
SO[02]: 0x0 0 0 0 0 0 0 0 0 0 0 0 9 0 0 9   w: 4.000000

PO[03]: 0x0 0 0 9 0 0 0 0 0 0 0 0 0 0 0 9 
SO[03]: 0x0 0 0 4 0 0 0 0 0 0 0 0 0 0 0 4   w: 4.000000

PO[04]: 0x0 0 0 0 1 0 0 1 0 0 0 0 0 0 0 0 
SO[04]: 0x0 0 0 0 9 0 0 9 0 0 0 0 0 0 0 0   w: 4.000000

PO[05]: 0x0 9 0 0 0 0 0 0 0 0 0 0 0 9 0 0 
SO[05]: 0x0 4 0 0 0 0 0 0 0 0 0 0 0 4 0 0   w: 4.000000

PO[06]: 0x0 0 0 0 4 0 0 4 0 0 0 0 0 0 0 0 
SO[06]: 0x0 0 0 0 5 0 0 5 0 0 0 0 0 0 0 0   w: 4.000000

PO[07]: 0x0 0 0 0 0 9 0 0 0 0 0 0 0 9 0 0 
SO[07]: 0x0 0 0 0 0 4 0 0 0 0 0 0 0 4 0 0   w: 4.000000

PO[08]: 0x0 0 0 0 0 4 0 4 0 0 0 0 0 0 0 0 
SO[08]: 0x0 0 0 0 0 5 0 5 0 0 0 0 0 0 0 0   w: 4.000000

PO[09]: 0x0 0 0 0 0 5 0 0 0 0 0 0 0 5 0 0 
SO[09]: 0x0 0 0 0 0 1 0 0 0 0 0 0 0 1 0 0   w: 6.000000

PO[10]: 0x0 0 0 0 0 0 0 0 0 0 0 0 0 4 0 4 
SO[10]: 0x0 0 0 0 0 0 0 0 0 0 0 0 0 5 0 5   w: 4.000000

PO[11]: 0x0 0 0 0 0 0 0 5 0 0 0 0 0 0 0 5 
SO[11]: 0x0 0 0 0 0 0 0 1 0 0 0 0 0 0 0 1   w: 6.000000

PO[12]: 0x0 0 0 0 0 0 0 0 0 0 0 0 0 1 0 1 
SO[12]: 0x0 0 0 0 0 0 0 0 0 0 0 0 0 9 0 9   w: 4.000000

PO[13]: 0x0 0 0 5 0 0 0 0 0 0 0 0 0 0 0 5 
SO[13]: 0x0 0 0 1 0 0 0 0 0 0 0 0 0 0 0 1   w: 6.000000

PO[14]: 0x0 0 0 0 0 0 0 0 0 0 0 0 1 0 0 1 
SO[14]: 0x0 0 0 0 0 0 0 0 0 0 0 0 9 0 0 9   w: 4.000000

PO[15]: 0x0 0 0 9 0 0 0 0 0 0 0 0 0 0 0 9 
SO[15]: 0x0 0 0 4 0 0 0 0 0 0 0 0 0 0 0 4   w: 4.000000

PO[16]: 0x0 0 0 0 1 0 0 1 0 0 0 0 0 0 0 0 
SO[16]: 0x0 0 0 0 9 0 0 9 0 0 0 0 0 0 0 0   w: 4.000000

PO[17]: 0x0 9 0 0 0 0 0 0 0 0 0 0 0 9 0 0 
SO[17]: 0x0 4 0 0 0 0 0 0 0 0 0 0 0 4 0 0   w: 4.000000

PO[18]: 0x0 0 0 0 4 0 0 4 0 0 0 0 0 0 0 0 
SO[18]: 0x0 0 0 0 5 0 0 5 0 0 0 0 0 0 0 0   w: 4.000000

PO[19]: 0x0 0 0 0 0 9 0 0 0 0 0 0 0 9 0 0 
SO[19]: 0x0 0 0 0 0 4 0 0 0 0 0 0 0 4 0 0   w: 4.000000

PO[20]: 0x0 0 0 0 0 4 0 4 0 0 0 0 0 0 0 0 
SO[20]: 0x0 0 0 0 0 5 0 5 0 0 0 0 0 0 0 0   w: 4.000000

PO[21]: 0x0 0 0 0 0 5 0 0 0 0 0 0 0 5 0 0 
SO[21]: 0x0 0 0 0 0 1 0 0 0 0 0 0 0 1 0 0   w: 6.000000

PO[22]: 0x0 0 0 0 0 0 0 0 0 0 0 0 0 4 0 4 
SO[22]: 0x0 0 0 0 0 0 0 0 0 0 0 0 0 5 0 5   w: 4.000000




RNUM_23:  Bn:100.000000 NP:2
PO[01]: 0x0 0 0 7 0 0 0 0 0 0 0 0 0 0 0 7 
SO[01]: 0x0 0 0 1 0 0 0 0 0 0 0 0 0 0 0 1   w: 4.000000

PO[02]: 0x0 0 0 0 0 0 0 0 0 0 0 0 1 0 0 1 
SO[02]: 0x0 0 0 0 0 0 0 0 0 0 0 0 9 0 0 9   w: 4.000000

PO[03]: 0x0 0 0 9 0 0 0 0 0 0 0 0 0 0 0 9 
SO[03]: 0x0 0 0 4 0 0 0 0 0 0 0 0 0 0 0 4   w: 4.000000

PO[04]: 0x0 0 0 0 1 0 0 1 0 0 0 0 0 0 0 0 
SO[04]: 0x0 0 0 0 9 0 0 9 0 0 0 0 0 0 0 0   w: 4.000000

PO[05]: 0x0 9 0 0 0 0 0 0 0 0 0 0 0 9 0 0 
SO[05]: 0x0 4 0 0 0 0 0 0 0 0 0 0 0 4 0 0   w: 4.000000

PO[06]: 0x0 0 0 0 4 0 0 4 0 0 0 0 0 0 0 0 
SO[06]: 0x0 0 0 0 5 0 0 5 0 0 0 0 0 0 0 0   w: 4.000000

PO[07]: 0x0 0 0 0 0 9 0 0 0 0 0 0 0 9 0 0 
SO[07]: 0x0 0 0 0 0 4 0 0 0 0 0 0 0 4 0 0   w: 4.000000

PO[08]: 0x0 0 0 0 0 4 0 4 0 0 0 0 0 0 0 0 
SO[08]: 0x0 0 0 0 0 5 0 5 0 0 0 0 0 0 0 0   w: 4.000000

PO[09]: 0x0 0 0 0 0 5 0 0 0 0 0 0 0 5 0 0 
SO[09]: 0x0 0 0 0 0 1 0 0 0 0 0 0 0 1 0 0   w: 6.000000

PO[10]: 0x0 0 0 0 0 0 0 0 0 0 0 0 0 4 0 4 
SO[10]: 0x0 0 0 0 0 0 0 0 0 0 0 0 0 5 0 5   w: 4.000000

PO[11]: 0x0 0 0 0 0 0 0 5 0 0 0 0 0 0 0 5 
SO[11]: 0x0 0 0 0 0 0 0 1 0 0 0 0 0 0 0 1   w: 6.000000

PO[12]: 0x0 0 0 0 0 0 0 0 0 0 0 0 0 1 0 1 
SO[12]: 0x0 0 0 0 0 0 0 0 0 0 0 0 0 9 0 9   w: 4.000000

PO[13]: 0x0 0 0 5 0 0 0 0 0 0 0 0 0 0 0 5 
SO[13]: 0x0 0 0 1 0 0 0 0 0 0 0 0 0 0 0 1   w: 6.000000

PO[14]: 0x0 0 0 0 0 0 0 0 0 0 0 0 1 0 0 1 
SO[14]: 0x0 0 0 0 0 0 0 0 0 0 0 0 9 0 0 9   w: 4.000000

PO[15]: 0x0 0 0 9 0 0 0 0 0 0 0 0 0 0 0 9 
SO[15]: 0x0 0 0 4 0 0 0 0 0 0 0 0 0 0 0 4   w: 4.000000

PO[16]: 0x0 0 0 0 1 0 0 1 0 0 0 0 0 0 0 0 
SO[16]: 0x0 0 0 0 9 0 0 9 0 0 0 0 0 0 0 0   w: 4.000000

PO[17]: 0x0 9 0 0 0 0 0 0 0 0 0 0 0 9 0 0 
SO[17]: 0x0 4 0 0 0 0 0 0 0 0 0 0 0 4 0 0   w: 4.000000

PO[18]: 0x0 0 0 0 4 0 0 4 0 0 0 0 0 0 0 0 
SO[18]: 0x0 0 0 0 5 0 0 5 0 0 0 0 0 0 0 0   w: 4.000000

PO[19]: 0x0 0 0 0 0 9 0 0 0 0 0 0 0 9 0 0 
SO[19]: 0x0 0 0 0 0 4 0 0 0 0 0 0 0 4 0 0   w: 4.000000

PO[20]: 0x0 0 0 0 0 4 0 4 0 0 0 0 0 0 0 0 
SO[20]: 0x0 0 0 0 0 5 0 5 0 0 0 0 0 0 0 0   w: 4.000000

PO[21]: 0x0 0 0 0 0 5 0 0 0 0 0 0 0 5 0 0 
SO[21]: 0x0 0 0 0 0 1 0 0 0 0 0 0 0 1 0 0   w: 6.000000

PO[22]: 0x0 0 0 0 0 0 0 0 0 0 0 0 0 4 0 4 
SO[22]: 0x0 0 0 0 0 0 0 0 0 0 0 0 0 5 0 5   w: 4.000000

PO[23]: 0x0 0 0 0 0 0 0 5 0 0 0 0 0 0 0 5 
SO[23]: 0x0 0 0 0 0 0 0 c 0 0 0 0 0 0 0 c   w: 4.000000




RNUM_24:  Bn:106.000000 NP:2
PO[01]: 0x0 0 0 7 0 0 0 0 0 0 0 0 0 0 0 7 
SO[01]: 0x0 0 0 1 0 0 0 0 0 0 0 0 0 0 0 1   w: 4.000000

PO[02]: 0x0 0 0 0 0 0 0 0 0 0 0 0 1 0 0 1 
SO[02]: 0x0 0 0 0 0 0 0 0 0 0 0 0 9 0 0 9   w: 4.000000

PO[03]: 0x0 0 0 9 0 0 0 0 0 0 0 0 0 0 0 9 
SO[03]: 0x0 0 0 4 0 0 0 0 0 0 0 0 0 0 0 4   w: 4.000000

PO[04]: 0x0 0 0 0 1 0 0 1 0 0 0 0 0 0 0 0 
SO[04]: 0x0 0 0 0 9 0 0 9 0 0 0 0 0 0 0 0   w: 4.000000

PO[05]: 0x0 9 0 0 0 0 0 0 0 0 0 0 0 9 0 0 
SO[05]: 0x0 4 0 0 0 0 0 0 0 0 0 0 0 4 0 0   w: 4.000000

PO[06]: 0x0 0 0 0 4 0 0 4 0 0 0 0 0 0 0 0 
SO[06]: 0x0 0 0 0 5 0 0 5 0 0 0 0 0 0 0 0   w: 4.000000

PO[07]: 0x0 0 0 0 0 9 0 0 0 0 0 0 0 9 0 0 
SO[07]: 0x0 0 0 0 0 4 0 0 0 0 0 0 0 4 0 0   w: 4.000000

PO[08]: 0x0 0 0 0 0 4 0 4 0 0 0 0 0 0 0 0 
SO[08]: 0x0 0 0 0 0 5 0 5 0 0 0 0 0 0 0 0   w: 4.000000

PO[09]: 0x0 0 0 0 0 5 0 0 0 0 0 0 0 5 0 0 
SO[09]: 0x0 0 0 0 0 1 0 0 0 0 0 0 0 1 0 0   w: 6.000000

PO[10]: 0x0 0 0 0 0 0 0 0 0 0 0 0 0 4 0 4 
SO[10]: 0x0 0 0 0 0 0 0 0 0 0 0 0 0 5 0 5   w: 4.000000

PO[11]: 0x0 0 0 0 0 0 0 5 0 0 0 0 0 0 0 5 
SO[11]: 0x0 0 0 0 0 0 0 1 0 0 0 0 0 0 0 1   w: 6.000000

PO[12]: 0x0 0 0 0 0 0 0 0 0 0 0 0 0 1 0 1 
SO[12]: 0x0 0 0 0 0 0 0 0 0 0 0 0 0 9 0 9   w: 4.000000

PO[13]: 0x0 0 0 5 0 0 0 0 0 0 0 0 0 0 0 5 
SO[13]: 0x0 0 0 1 0 0 0 0 0 0 0 0 0 0 0 1   w: 6.000000

PO[14]: 0x0 0 0 0 0 0 0 0 0 0 0 0 1 0 0 1 
SO[14]: 0x0 0 0 0 0 0 0 0 0 0 0 0 9 0 0 9   w: 4.000000

PO[15]: 0x0 0 0 9 0 0 0 0 0 0 0 0 0 0 0 9 
SO[15]: 0x0 0 0 4 0 0 0 0 0 0 0 0 0 0 0 4   w: 4.000000

PO[16]: 0x0 0 0 0 1 0 0 1 0 0 0 0 0 0 0 0 
SO[16]: 0x0 0 0 0 9 0 0 9 0 0 0 0 0 0 0 0   w: 4.000000

PO[17]: 0x0 9 0 0 0 0 0 0 0 0 0 0 0 9 0 0 
SO[17]: 0x0 4 0 0 0 0 0 0 0 0 0 0 0 4 0 0   w: 4.000000

PO[18]: 0x0 0 0 0 4 0 0 4 0 0 0 0 0 0 0 0 
SO[18]: 0x0 0 0 0 5 0 0 5 0 0 0 0 0 0 0 0   w: 4.000000

PO[19]: 0x0 0 0 0 0 9 0 0 0 0 0 0 0 9 0 0 
SO[19]: 0x0 0 0 0 0 4 0 0 0 0 0 0 0 4 0 0   w: 4.000000

PO[20]: 0x0 0 0 0 0 4 0 4 0 0 0 0 0 0 0 0 
SO[20]: 0x0 0 0 0 0 5 0 5 0 0 0 0 0 0 0 0   w: 4.000000

PO[21]: 0x0 0 0 0 0 5 0 0 0 0 0 0 0 5 0 0 
SO[21]: 0x0 0 0 0 0 1 0 0 0 0 0 0 0 1 0 0   w: 6.000000

PO[22]: 0x0 0 0 0 0 0 0 0 0 0 0 0 0 4 0 4 
SO[22]: 0x0 0 0 0 0 0 0 0 0 0 0 0 0 5 0 5   w: 4.000000

PO[23]: 0x0 0 0 0 0 0 0 5 0 0 0 0 0 0 0 5 
SO[23]: 0x0 0 0 0 0 0 0 1 0 0 0 0 0 0 0 1   w: 6.000000

PO[24]: 0x0 0 0 0 0 0 0 0 0 0 0 0 0 1 0 1 
SO[24]: 0x0 0 0 0 0 0 0 0 0 0 0 0 0 3 0 3   w: 4.000000




RNUM_25:  Bn:110.000000 NP:2
PO[01]: 0x0 0 0 7 0 0 0 0 0 0 0 0 0 0 0 7 
SO[01]: 0x0 0 0 1 0 0 0 0 0 0 0 0 0 0 0 1   w: 4.000000

PO[02]: 0x0 0 0 0 0 0 0 0 0 0 0 0 1 0 0 1 
SO[02]: 0x0 0 0 0 0 0 0 0 0 0 0 0 9 0 0 9   w: 4.000000

PO[03]: 0x0 0 0 9 0 0 0 0 0 0 0 0 0 0 0 9 
SO[03]: 0x0 0 0 4 0 0 0 0 0 0 0 0 0 0 0 4   w: 4.000000

PO[04]: 0x0 0 0 0 1 0 0 1 0 0 0 0 0 0 0 0 
SO[04]: 0x0 0 0 0 9 0 0 9 0 0 0 0 0 0 0 0   w: 4.000000

PO[05]: 0x0 9 0 0 0 0 0 0 0 0 0 0 0 9 0 0 
SO[05]: 0x0 4 0 0 0 0 0 0 0 0 0 0 0 4 0 0   w: 4.000000

PO[06]: 0x0 0 0 0 4 0 0 4 0 0 0 0 0 0 0 0 
SO[06]: 0x0 0 0 0 5 0 0 5 0 0 0 0 0 0 0 0   w: 4.000000

PO[07]: 0x0 0 0 0 0 9 0 0 0 0 0 0 0 9 0 0 
SO[07]: 0x0 0 0 0 0 4 0 0 0 0 0 0 0 4 0 0   w: 4.000000

PO[08]: 0x0 0 0 0 0 4 0 4 0 0 0 0 0 0 0 0 
SO[08]: 0x0 0 0 0 0 5 0 5 0 0 0 0 0 0 0 0   w: 4.000000

PO[09]: 0x0 0 0 0 0 5 0 0 0 0 0 0 0 5 0 0 
SO[09]: 0x0 0 0 0 0 1 0 0 0 0 0 0 0 1 0 0   w: 6.000000

PO[10]: 0x0 0 0 0 0 0 0 0 0 0 0 0 0 4 0 4 
SO[10]: 0x0 0 0 0 0 0 0 0 0 0 0 0 0 5 0 5   w: 4.000000

PO[11]: 0x0 0 0 0 0 0 0 5 0 0 0 0 0 0 0 5 
SO[11]: 0x0 0 0 0 0 0 0 1 0 0 0 0 0 0 0 1   w: 6.000000

PO[12]: 0x0 0 0 0 0 0 0 0 0 0 0 0 0 1 0 1 
SO[12]: 0x0 0 0 0 0 0 0 0 0 0 0 0 0 9 0 9   w: 4.000000

PO[13]: 0x0 0 0 5 0 0 0 0 0 0 0 0 0 0 0 5 
SO[13]: 0x0 0 0 1 0 0 0 0 0 0 0 0 0 0 0 1   w: 6.000000

PO[14]: 0x0 0 0 0 0 0 0 0 0 0 0 0 1 0 0 1 
SO[14]: 0x0 0 0 0 0 0 0 0 0 0 0 0 9 0 0 9   w: 4.000000

PO[15]: 0x0 0 0 9 0 0 0 0 0 0 0 0 0 0 0 9 
SO[15]: 0x0 0 0 4 0 0 0 0 0 0 0 0 0 0 0 4   w: 4.000000

PO[16]: 0x0 0 0 0 1 0 0 1 0 0 0 0 0 0 0 0 
SO[16]: 0x0 0 0 0 9 0 0 9 0 0 0 0 0 0 0 0   w: 4.000000

PO[17]: 0x0 9 0 0 0 0 0 0 0 0 0 0 0 9 0 0 
SO[17]: 0x0 4 0 0 0 0 0 0 0 0 0 0 0 4 0 0   w: 4.000000

PO[18]: 0x0 0 0 0 4 0 0 4 0 0 0 0 0 0 0 0 
SO[18]: 0x0 0 0 0 5 0 0 5 0 0 0 0 0 0 0 0   w: 4.000000

PO[19]: 0x0 0 0 0 0 9 0 0 0 0 0 0 0 9 0 0 
SO[19]: 0x0 0 0 0 0 4 0 0 0 0 0 0 0 4 0 0   w: 4.000000

PO[20]: 0x0 0 0 0 0 4 0 4 0 0 0 0 0 0 0 0 
SO[20]: 0x0 0 0 0 0 5 0 5 0 0 0 0 0 0 0 0   w: 4.000000

PO[21]: 0x0 0 0 0 0 5 0 0 0 0 0 0 0 5 0 0 
SO[21]: 0x0 0 0 0 0 1 0 0 0 0 0 0 0 1 0 0   w: 6.000000

PO[22]: 0x0 0 0 0 0 0 0 0 0 0 0 0 0 4 0 4 
SO[22]: 0x0 0 0 0 0 0 0 0 0 0 0 0 0 5 0 5   w: 4.000000

PO[23]: 0x0 0 0 0 0 0 0 5 0 0 0 0 0 0 0 5 
SO[23]: 0x0 0 0 0 0 0 0 1 0 0 0 0 0 0 0 1   w: 6.000000

PO[24]: 0x0 0 0 0 0 0 0 0 0 0 0 0 0 1 0 1 
SO[24]: 0x0 0 0 0 0 0 0 0 0 0 0 0 0 3 0 3   w: 4.000000

PO[25]: 0x0 0 0 0 0 0 0 0 0 0 0 5 0 0 0 5 
SO[25]: 0x0 0 0 0 0 0 0 0 0 0 0 c 0 0 0 c   w: 4.000000




RNUM_26:  Bn:116.000000 NP:2
PO[01]: 0x0 0 0 7 0 0 0 0 0 0 0 0 0 0 0 7 
SO[01]: 0x0 0 0 1 0 0 0 0 0 0 0 0 0 0 0 1   w: 4.000000

PO[02]: 0x0 0 0 0 0 0 0 0 0 0 0 0 1 0 0 1 
SO[02]: 0x0 0 0 0 0 0 0 0 0 0 0 0 9 0 0 9   w: 4.000000

PO[03]: 0x0 0 0 9 0 0 0 0 0 0 0 0 0 0 0 9 
SO[03]: 0x0 0 0 4 0 0 0 0 0 0 0 0 0 0 0 4   w: 4.000000

PO[04]: 0x0 0 0 0 1 0 0 1 0 0 0 0 0 0 0 0 
SO[04]: 0x0 0 0 0 9 0 0 9 0 0 0 0 0 0 0 0   w: 4.000000

PO[05]: 0x0 9 0 0 0 0 0 0 0 0 0 0 0 9 0 0 
SO[05]: 0x0 4 0 0 0 0 0 0 0 0 0 0 0 4 0 0   w: 4.000000

PO[06]: 0x0 0 0 0 4 0 0 4 0 0 0 0 0 0 0 0 
SO[06]: 0x0 0 0 0 5 0 0 5 0 0 0 0 0 0 0 0   w: 4.000000

PO[07]: 0x0 0 0 0 0 9 0 0 0 0 0 0 0 9 0 0 
SO[07]: 0x0 0 0 0 0 4 0 0 0 0 0 0 0 4 0 0   w: 4.000000

PO[08]: 0x0 0 0 0 0 4 0 4 0 0 0 0 0 0 0 0 
SO[08]: 0x0 0 0 0 0 5 0 5 0 0 0 0 0 0 0 0   w: 4.000000

PO[09]: 0x0 0 0 0 0 5 0 0 0 0 0 0 0 5 0 0 
SO[09]: 0x0 0 0 0 0 1 0 0 0 0 0 0 0 1 0 0   w: 6.000000

PO[10]: 0x0 0 0 0 0 0 0 0 0 0 0 0 0 4 0 4 
SO[10]: 0x0 0 0 0 0 0 0 0 0 0 0 0 0 5 0 5   w: 4.000000

PO[11]: 0x0 0 0 0 0 0 0 5 0 0 0 0 0 0 0 5 
SO[11]: 0x0 0 0 0 0 0 0 1 0 0 0 0 0 0 0 1   w: 6.000000

PO[12]: 0x0 0 0 0 0 0 0 0 0 0 0 0 0 1 0 1 
SO[12]: 0x0 0 0 0 0 0 0 0 0 0 0 0 0 9 0 9   w: 4.000000

PO[13]: 0x0 0 0 5 0 0 0 0 0 0 0 0 0 0 0 5 
SO[13]: 0x0 0 0 1 0 0 0 0 0 0 0 0 0 0 0 1   w: 6.000000

PO[14]: 0x0 0 0 0 0 0 0 0 0 0 0 0 1 0 0 1 
SO[14]: 0x0 0 0 0 0 0 0 0 0 0 0 0 9 0 0 9   w: 4.000000

PO[15]: 0x0 0 0 9 0 0 0 0 0 0 0 0 0 0 0 9 
SO[15]: 0x0 0 0 4 0 0 0 0 0 0 0 0 0 0 0 4   w: 4.000000

PO[16]: 0x0 0 0 0 1 0 0 1 0 0 0 0 0 0 0 0 
SO[16]: 0x0 0 0 0 9 0 0 9 0 0 0 0 0 0 0 0   w: 4.000000

PO[17]: 0x0 9 0 0 0 0 0 0 0 0 0 0 0 9 0 0 
SO[17]: 0x0 4 0 0 0 0 0 0 0 0 0 0 0 4 0 0   w: 4.000000

PO[18]: 0x0 0 0 0 4 0 0 4 0 0 0 0 0 0 0 0 
SO[18]: 0x0 0 0 0 5 0 0 5 0 0 0 0 0 0 0 0   w: 4.000000

PO[19]: 0x0 0 0 0 0 9 0 0 0 0 0 0 0 9 0 0 
SO[19]: 0x0 0 0 0 0 4 0 0 0 0 0 0 0 4 0 0   w: 4.000000

PO[20]: 0x0 0 0 0 0 4 0 4 0 0 0 0 0 0 0 0 
SO[20]: 0x0 0 0 0 0 5 0 5 0 0 0 0 0 0 0 0   w: 4.000000

PO[21]: 0x0 0 0 0 0 5 0 0 0 0 0 0 0 5 0 0 
SO[21]: 0x0 0 0 0 0 1 0 0 0 0 0 0 0 1 0 0   w: 6.000000

PO[22]: 0x0 0 0 0 0 0 0 0 0 0 0 0 0 4 0 4 
SO[22]: 0x0 0 0 0 0 0 0 0 0 0 0 0 0 5 0 5   w: 4.000000

PO[23]: 0x0 0 0 0 0 0 0 5 0 0 0 0 0 0 0 5 
SO[23]: 0x0 0 0 0 0 0 0 1 0 0 0 0 0 0 0 1   w: 6.000000

PO[24]: 0x0 0 0 0 0 0 0 0 0 0 0 0 0 1 0 1 
SO[24]: 0x0 0 0 0 0 0 0 0 0 0 0 0 0 3 0 3   w: 4.000000

PO[25]: 0x0 0 0 0 0 0 0 0 0 0 0 5 0 0 0 5 
SO[25]: 0x0 0 0 0 0 0 0 0 0 0 0 1 0 0 0 1   w: 6.000000

PO[26]: 0x0 0 0 0 0 0 0 0 0 0 0 0 0 0 1 1 
SO[26]: 0x0 0 0 0 0 0 0 0 0 0 0 0 0 0 3 3   w: 4.000000




RNUM_27:  Bn:120.000000 NP:2
PO[01]: 0x0 0 0 7 0 0 0 0 0 0 0 0 0 0 0 7 
SO[01]: 0x0 0 0 1 0 0 0 0 0 0 0 0 0 0 0 1   w: 4.000000

PO[02]: 0x0 0 0 0 0 0 0 0 0 0 0 0 1 0 0 1 
SO[02]: 0x0 0 0 0 0 0 0 0 0 0 0 0 9 0 0 9   w: 4.000000

PO[03]: 0x0 0 0 9 0 0 0 0 0 0 0 0 0 0 0 9 
SO[03]: 0x0 0 0 4 0 0 0 0 0 0 0 0 0 0 0 4   w: 4.000000

PO[04]: 0x0 0 0 0 1 0 0 1 0 0 0 0 0 0 0 0 
SO[04]: 0x0 0 0 0 9 0 0 9 0 0 0 0 0 0 0 0   w: 4.000000

PO[05]: 0x0 9 0 0 0 0 0 0 0 0 0 0 0 9 0 0 
SO[05]: 0x0 4 0 0 0 0 0 0 0 0 0 0 0 4 0 0   w: 4.000000

PO[06]: 0x0 0 0 0 4 0 0 4 0 0 0 0 0 0 0 0 
SO[06]: 0x0 0 0 0 5 0 0 5 0 0 0 0 0 0 0 0   w: 4.000000

PO[07]: 0x0 0 0 0 0 9 0 0 0 0 0 0 0 9 0 0 
SO[07]: 0x0 0 0 0 0 4 0 0 0 0 0 0 0 4 0 0   w: 4.000000

PO[08]: 0x0 0 0 0 0 4 0 4 0 0 0 0 0 0 0 0 
SO[08]: 0x0 0 0 0 0 5 0 5 0 0 0 0 0 0 0 0   w: 4.000000

PO[09]: 0x0 0 0 0 0 5 0 0 0 0 0 0 0 5 0 0 
SO[09]: 0x0 0 0 0 0 1 0 0 0 0 0 0 0 1 0 0   w: 6.000000

PO[10]: 0x0 0 0 0 0 0 0 0 0 0 0 0 0 4 0 4 
SO[10]: 0x0 0 0 0 0 0 0 0 0 0 0 0 0 5 0 5   w: 4.000000

PO[11]: 0x0 0 0 0 0 0 0 5 0 0 0 0 0 0 0 5 
SO[11]: 0x0 0 0 0 0 0 0 1 0 0 0 0 0 0 0 1   w: 6.000000

PO[12]: 0x0 0 0 0 0 0 0 0 0 0 0 0 0 1 0 1 
SO[12]: 0x0 0 0 0 0 0 0 0 0 0 0 0 0 9 0 9   w: 4.000000

PO[13]: 0x0 0 0 5 0 0 0 0 0 0 0 0 0 0 0 5 
SO[13]: 0x0 0 0 1 0 0 0 0 0 0 0 0 0 0 0 1   w: 6.000000

PO[14]: 0x0 0 0 0 0 0 0 0 0 0 0 0 1 0 0 1 
SO[14]: 0x0 0 0 0 0 0 0 0 0 0 0 0 9 0 0 9   w: 4.000000

PO[15]: 0x0 0 0 9 0 0 0 0 0 0 0 0 0 0 0 9 
SO[15]: 0x0 0 0 4 0 0 0 0 0 0 0 0 0 0 0 4   w: 4.000000

PO[16]: 0x0 0 0 0 1 0 0 1 0 0 0 0 0 0 0 0 
SO[16]: 0x0 0 0 0 9 0 0 9 0 0 0 0 0 0 0 0   w: 4.000000

PO[17]: 0x0 9 0 0 0 0 0 0 0 0 0 0 0 9 0 0 
SO[17]: 0x0 4 0 0 0 0 0 0 0 0 0 0 0 4 0 0   w: 4.000000

PO[18]: 0x0 0 0 0 4 0 0 4 0 0 0 0 0 0 0 0 
SO[18]: 0x0 0 0 0 5 0 0 5 0 0 0 0 0 0 0 0   w: 4.000000

PO[19]: 0x0 0 0 0 0 9 0 0 0 0 0 0 0 9 0 0 
SO[19]: 0x0 0 0 0 0 4 0 0 0 0 0 0 0 4 0 0   w: 4.000000

PO[20]: 0x0 0 0 0 0 4 0 4 0 0 0 0 0 0 0 0 
SO[20]: 0x0 0 0 0 0 5 0 5 0 0 0 0 0 0 0 0   w: 4.000000

PO[21]: 0x0 0 0 0 0 5 0 0 0 0 0 0 0 5 0 0 
SO[21]: 0x0 0 0 0 0 1 0 0 0 0 0 0 0 1 0 0   w: 6.000000

PO[22]: 0x0 0 0 0 0 0 0 0 0 0 0 0 0 4 0 4 
SO[22]: 0x0 0 0 0 0 0 0 0 0 0 0 0 0 5 0 5   w: 4.000000

PO[23]: 0x0 0 0 0 0 0 0 5 0 0 0 0 0 0 0 5 
SO[23]: 0x0 0 0 0 0 0 0 1 0 0 0 0 0 0 0 1   w: 6.000000

PO[24]: 0x0 0 0 0 0 0 0 0 0 0 0 0 0 1 0 1 
SO[24]: 0x0 0 0 0 0 0 0 0 0 0 0 0 0 3 0 3   w: 4.000000

PO[25]: 0x0 0 0 0 0 0 0 0 0 0 0 5 0 0 0 5 
SO[25]: 0x0 0 0 0 0 0 0 0 0 0 0 1 0 0 0 1   w: 6.000000

PO[26]: 0x0 0 0 0 0 0 0 0 0 0 0 0 0 0 1 1 
SO[26]: 0x0 0 0 0 0 0 0 0 0 0 0 0 0 0 3 3   w: 4.000000

PO[27]: 0x0 0 0 0 0 0 0 0 0 0 0 3 0 0 0 3 
SO[27]: 0x0 0 0 0 0 0 0 0 0 0 0 6 0 0 0 6   w: 4.000000




RNUM_28:  Bn:124.000000 NP:1
PO[01]: 0x0 0 0 0 0 0 0 0 0 0 0 0 1 0 0 1 
SO[01]: 0x0 0 0 0 0 0 0 0 0 0 0 0 3 0 0 3   w: 4.000000

PO[02]: 0x0 0 0 0 0 0 0 0 0 0 0 9 0 0 0 9 
SO[02]: 0x0 0 0 0 0 0 0 0 0 0 0 4 0 0 0 4   w: 4.000000

PO[03]: 0x0 0 0 0 0 0 1 1 0 0 0 0 0 0 0 0 
SO[03]: 0x0 0 0 0 0 0 3 3 0 0 0 0 0 0 0 0   w: 4.000000

PO[04]: 0x0 0 0 0 0 0 0 0 0 3 0 0 0 3 0 0 
SO[04]: 0x0 0 0 0 0 0 0 0 0 1 0 0 0 1 0 0   w: 6.000000

PO[05]: 0x0 0 0 0 0 0 0 0 0 0 0 0 0 0 4 4 
SO[05]: 0x0 0 0 0 0 0 0 0 0 0 0 0 0 0 5 5   w: 4.000000

PO[06]: 0x0 0 0 0 0 0 0 3 0 0 0 0 0 0 0 3 
SO[06]: 0x0 0 0 0 0 0 0 1 0 0 0 0 0 0 0 1   w: 6.000000

PO[07]: 0x0 0 0 0 0 0 0 0 0 0 0 0 0 1 0 1 
SO[07]: 0x0 0 0 0 0 0 0 0 0 0 0 0 0 9 0 9   w: 4.000000

PO[08]: 0x0 0 0 5 0 0 0 0 0 0 0 0 0 0 0 5 
SO[08]: 0x0 0 0 1 0 0 0 0 0 0 0 0 0 0 0 1   w: 6.000000

PO[09]: 0x0 0 0 0 0 0 0 0 0 0 0 0 1 0 0 1 
SO[09]: 0x0 0 0 0 0 0 0 0 0 0 0 0 9 0 0 9   w: 4.000000

PO[10]: 0x0 0 0 9 0 0 0 0 0 0 0 0 0 0 0 9 
SO[10]: 0x0 0 0 4 0 0 0 0 0 0 0 0 0 0 0 4   w: 4.000000

PO[11]: 0x0 0 0 0 1 0 0 1 0 0 0 0 0 0 0 0 
SO[11]: 0x0 0 0 0 9 0 0 9 0 0 0 0 0 0 0 0   w: 4.000000

PO[12]: 0x0 9 0 0 0 0 0 0 0 0 0 0 0 9 0 0 
SO[12]: 0x0 4 0 0 0 0 0 0 0 0 0 0 0 4 0 0   w: 4.000000

PO[13]: 0x0 0 0 0 4 0 0 4 0 0 0 0 0 0 0 0 
SO[13]: 0x0 0 0 0 5 0 0 5 0 0 0 0 0 0 0 0   w: 4.000000

PO[14]: 0x0 0 0 0 0 9 0 0 0 0 0 0 0 9 0 0 
SO[14]: 0x0 0 0 0 0 4 0 0 0 0 0 0 0 4 0 0   w: 4.000000

PO[15]: 0x0 0 0 0 0 4 0 4 0 0 0 0 0 0 0 0 
SO[15]: 0x0 0 0 0 0 5 0 5 0 0 0 0 0 0 0 0   w: 4.000000

PO[16]: 0x0 0 0 0 0 5 0 0 0 0 0 0 0 5 0 0 
SO[16]: 0x0 0 0 0 0 1 0 0 0 0 0 0 0 1 0 0   w: 6.000000

PO[17]: 0x0 0 0 0 0 0 0 0 0 0 0 0 0 4 0 4 
SO[17]: 0x0 0 0 0 0 0 0 0 0 0 0 0 0 5 0 5   w: 4.000000

PO[18]: 0x0 0 0 0 0 0 0 5 0 0 0 0 0 0 0 5 
SO[18]: 0x0 0 0 0 0 0 0 1 0 0 0 0 0 0 0 1   w: 6.000000

PO[19]: 0x0 0 0 0 0 0 0 0 0 0 0 0 0 1 0 1 
SO[19]: 0x0 0 0 0 0 0 0 0 0 0 0 0 0 9 0 9   w: 4.000000

PO[20]: 0x0 0 0 5 0 0 0 0 0 0 0 0 0 0 0 5 
SO[20]: 0x0 0 0 1 0 0 0 0 0 0 0 0 0 0 0 1   w: 6.000000

PO[21]: 0x0 0 0 0 0 0 0 0 0 0 0 0 1 0 0 1 
SO[21]: 0x0 0 0 0 0 0 0 0 0 0 0 0 9 0 0 9   w: 4.000000

PO[22]: 0x0 0 0 9 0 0 0 0 0 0 0 0 0 0 0 9 
SO[22]: 0x0 0 0 4 0 0 0 0 0 0 0 0 0 0 0 4   w: 4.000000

PO[23]: 0x0 0 0 0 1 0 0 1 0 0 0 0 0 0 0 0 
SO[23]: 0x0 0 0 0 9 0 0 9 0 0 0 0 0 0 0 0   w: 4.000000

PO[24]: 0x0 9 0 0 0 0 0 0 0 0 0 0 0 9 0 0 
SO[24]: 0x0 4 0 0 0 0 0 0 0 0 0 0 0 4 0 0   w: 4.000000

PO[25]: 0x0 0 0 0 4 0 0 4 0 0 0 0 0 0 0 0 
SO[25]: 0x0 0 0 0 5 0 0 5 0 0 0 0 0 0 0 0   w: 4.000000

PO[26]: 0x0 0 0 0 0 9 0 0 0 0 0 0 0 9 0 0 
SO[26]: 0x0 0 0 0 0 4 0 0 0 0 0 0 0 4 0 0   w: 4.000000

PO[27]: 0x0 0 0 0 0 4 0 4 0 0 0 0 0 0 0 0 
SO[27]: 0x0 0 0 0 0 5 0 5 0 0 0 0 0 0 0 0   w: 4.000000

PO[28]: 0x0 0 0 0 0 5 0 0 0 0 0 0 0 5 0 0 
SO[28]: 0x0 0 0 0 0 c 0 0 0 0 0 0 0 c 0 0   w: 4.000000




RNUM_29:  Bn:128.000000 NP:2
PO[01]: 0x0 0 0 7 0 0 0 0 0 0 0 0 0 0 0 7 
SO[01]: 0x0 0 0 1 0 0 0 0 0 0 0 0 0 0 0 1   w: 4.000000

PO[02]: 0x0 0 0 0 0 0 0 0 0 0 0 0 1 0 0 1 
SO[02]: 0x0 0 0 0 0 0 0 0 0 0 0 0 3 0 0 3   w: 4.000000

PO[03]: 0x0 0 0 0 0 0 0 0 0 0 0 9 0 0 0 9 
SO[03]: 0x0 0 0 0 0 0 0 0 0 0 0 4 0 0 0 4   w: 4.000000

PO[04]: 0x0 0 0 0 0 0 1 1 0 0 0 0 0 0 0 0 
SO[04]: 0x0 0 0 0 0 0 3 3 0 0 0 0 0 0 0 0   w: 4.000000

PO[05]: 0x0 0 0 0 0 0 0 0 0 3 0 0 0 3 0 0 
SO[05]: 0x0 0 0 0 0 0 0 0 0 1 0 0 0 1 0 0   w: 6.000000

PO[06]: 0x0 0 0 0 0 0 0 0 0 0 0 0 0 0 4 4 
SO[06]: 0x0 0 0 0 0 0 0 0 0 0 0 0 0 0 5 5   w: 4.000000

PO[07]: 0x0 0 0 0 0 0 0 3 0 0 0 0 0 0 0 3 
SO[07]: 0x0 0 0 0 0 0 0 1 0 0 0 0 0 0 0 1   w: 6.000000

PO[08]: 0x0 0 0 0 0 0 0 0 0 0 0 0 0 1 0 1 
SO[08]: 0x0 0 0 0 0 0 0 0 0 0 0 0 0 9 0 9   w: 4.000000

PO[09]: 0x0 0 0 5 0 0 0 0 0 0 0 0 0 0 0 5 
SO[09]: 0x0 0 0 1 0 0 0 0 0 0 0 0 0 0 0 1   w: 6.000000

PO[10]: 0x0 0 0 0 0 0 0 0 0 0 0 0 1 0 0 1 
SO[10]: 0x0 0 0 0 0 0 0 0 0 0 0 0 9 0 0 9   w: 4.000000

PO[11]: 0x0 0 0 9 0 0 0 0 0 0 0 0 0 0 0 9 
SO[11]: 0x0 0 0 4 0 0 0 0 0 0 0 0 0 0 0 4   w: 4.000000

PO[12]: 0x0 0 0 0 1 0 0 1 0 0 0 0 0 0 0 0 
SO[12]: 0x0 0 0 0 9 0 0 9 0 0 0 0 0 0 0 0   w: 4.000000

PO[13]: 0x0 9 0 0 0 0 0 0 0 0 0 0 0 9 0 0 
SO[13]: 0x0 4 0 0 0 0 0 0 0 0 0 0 0 4 0 0   w: 4.000000

PO[14]: 0x0 0 0 0 4 0 0 4 0 0 0 0 0 0 0 0 
SO[14]: 0x0 0 0 0 5 0 0 5 0 0 0 0 0 0 0 0   w: 4.000000

PO[15]: 0x0 0 0 0 0 9 0 0 0 0 0 0 0 9 0 0 
SO[15]: 0x0 0 0 0 0 4 0 0 0 0 0 0 0 4 0 0   w: 4.000000

PO[16]: 0x0 0 0 0 0 4 0 4 0 0 0 0 0 0 0 0 
SO[16]: 0x0 0 0 0 0 5 0 5 0 0 0 0 0 0 0 0   w: 4.000000

PO[17]: 0x0 0 0 0 0 5 0 0 0 0 0 0 0 5 0 0 
SO[17]: 0x0 0 0 0 0 1 0 0 0 0 0 0 0 1 0 0   w: 6.000000

PO[18]: 0x0 0 0 0 0 0 0 0 0 0 0 0 0 4 0 4 
SO[18]: 0x0 0 0 0 0 0 0 0 0 0 0 0 0 5 0 5   w: 4.000000

PO[19]: 0x0 0 0 0 0 0 0 5 0 0 0 0 0 0 0 5 
SO[19]: 0x0 0 0 0 0 0 0 1 0 0 0 0 0 0 0 1   w: 6.000000

PO[20]: 0x0 0 0 0 0 0 0 0 0 0 0 0 0 1 0 1 
SO[20]: 0x0 0 0 0 0 0 0 0 0 0 0 0 0 9 0 9   w: 4.000000

PO[21]: 0x0 0 0 5 0 0 0 0 0 0 0 0 0 0 0 5 
SO[21]: 0x0 0 0 1 0 0 0 0 0 0 0 0 0 0 0 1   w: 6.000000

PO[22]: 0x0 0 0 0 0 0 0 0 0 0 0 0 1 0 0 1 
SO[22]: 0x0 0 0 0 0 0 0 0 0 0 0 0 9 0 0 9   w: 4.000000

PO[23]: 0x0 0 0 9 0 0 0 0 0 0 0 0 0 0 0 9 
SO[23]: 0x0 0 0 4 0 0 0 0 0 0 0 0 0 0 0 4   w: 4.000000

PO[24]: 0x0 0 0 0 1 0 0 1 0 0 0 0 0 0 0 0 
SO[24]: 0x0 0 0 0 9 0 0 9 0 0 0 0 0 0 0 0   w: 4.000000

PO[25]: 0x0 9 0 0 0 0 0 0 0 0 0 0 0 9 0 0 
SO[25]: 0x0 4 0 0 0 0 0 0 0 0 0 0 0 4 0 0   w: 4.000000

PO[26]: 0x0 0 0 0 4 0 0 4 0 0 0 0 0 0 0 0 
SO[26]: 0x0 0 0 0 5 0 0 5 0 0 0 0 0 0 0 0   w: 4.000000

PO[27]: 0x0 0 0 0 0 9 0 0 0 0 0 0 0 9 0 0 
SO[27]: 0x0 0 0 0 0 4 0 0 0 0 0 0 0 4 0 0   w: 4.000000

PO[28]: 0x0 0 0 0 0 4 0 4 0 0 0 0 0 0 0 0 
SO[28]: 0x0 0 0 0 0 5 0 5 0 0 0 0 0 0 0 0   w: 4.000000

PO[29]: 0x0 0 0 0 0 5 0 0 0 0 0 0 0 5 0 0 
SO[29]: 0x0 0 0 0 0 c 0 0 0 0 0 0 0 c 0 0   w: 4.000000




RNUM_30:  Bn:132.000000 NP:1
PO[01]: 0x0 0 0 0 0 0 0 0 0 0 0 0 1 0 0 1 
SO[01]: 0x0 0 0 0 0 0 0 0 0 0 0 0 9 0 0 9   w: 4.000000

PO[02]: 0x0 0 0 9 0 0 0 0 0 0 0 0 0 0 0 9 
SO[02]: 0x0 0 0 4 0 0 0 0 0 0 0 0 0 0 0 4   w: 4.000000

PO[03]: 0x0 0 0 0 1 0 0 1 0 0 0 0 0 0 0 0 
SO[03]: 0x0 0 0 0 3 0 0 3 0 0 0 0 0 0 0 0   w: 4.000000

PO[04]: 0x0 0 0 0 0 0 0 0 0 9 0 0 0 9 0 0 
SO[04]: 0x0 0 0 0 0 0 0 0 0 4 0 0 0 4 0 0   w: 4.000000

PO[05]: 0x0 0 0 0 0 0 4 4 0 0 0 0 0 0 0 0 
SO[05]: 0x0 0 0 0 0 0 5 5 0 0 0 0 0 0 0 0   w: 4.000000

PO[06]: 0x0 0 0 0 0 3 0 0 0 0 0 0 0 3 0 0 
SO[06]: 0x0 0 0 0 0 1 0 0 0 0 0 0 0 1 0 0   w: 6.000000

PO[07]: 0x0 0 0 0 0 0 0 0 0 0 0 0 0 4 0 4 
SO[07]: 0x0 0 0 0 0 0 0 0 0 0 0 0 0 5 0 5   w: 4.000000

PO[08]: 0x0 0 0 0 0 0 0 5 0 0 0 0 0 0 0 5 
SO[08]: 0x0 0 0 0 0 0 0 1 0 0 0 0 0 0 0 1   w: 6.000000

PO[09]: 0x0 0 0 0 0 0 0 0 0 0 0 0 0 1 0 1 
SO[09]: 0x0 0 0 0 0 0 0 0 0 0 0 0 0 9 0 9   w: 4.000000

PO[10]: 0x0 0 0 5 0 0 0 0 0 0 0 0 0 0 0 5 
SO[10]: 0x0 0 0 1 0 0 0 0 0 0 0 0 0 0 0 1   w: 6.000000

PO[11]: 0x0 0 0 0 0 0 0 0 0 0 0 0 1 0 0 1 
SO[11]: 0x0 0 0 0 0 0 0 0 0 0 0 0 9 0 0 9   w: 4.000000

PO[12]: 0x0 0 0 9 0 0 0 0 0 0 0 0 0 0 0 9 
SO[12]: 0x0 0 0 4 0 0 0 0 0 0 0 0 0 0 0 4   w: 4.000000

PO[13]: 0x0 0 0 0 1 0 0 1 0 0 0 0 0 0 0 0 
SO[13]: 0x0 0 0 0 9 0 0 9 0 0 0 0 0 0 0 0   w: 4.000000

PO[14]: 0x0 9 0 0 0 0 0 0 0 0 0 0 0 9 0 0 
SO[14]: 0x0 4 0 0 0 0 0 0 0 0 0 0 0 4 0 0   w: 4.000000

PO[15]: 0x0 0 0 0 4 0 0 4 0 0 0 0 0 0 0 0 
SO[15]: 0x0 0 0 0 5 0 0 5 0 0 0 0 0 0 0 0   w: 4.000000

PO[16]: 0x0 0 0 0 0 9 0 0 0 0 0 0 0 9 0 0 
SO[16]: 0x0 0 0 0 0 4 0 0 0 0 0 0 0 4 0 0   w: 4.000000

PO[17]: 0x0 0 0 0 0 4 0 4 0 0 0 0 0 0 0 0 
SO[17]: 0x0 0 0 0 0 5 0 5 0 0 0 0 0 0 0 0   w: 4.000000

PO[18]: 0x0 0 0 0 0 5 0 0 0 0 0 0 0 5 0 0 
SO[18]: 0x0 0 0 0 0 1 0 0 0 0 0 0 0 1 0 0   w: 6.000000

PO[19]: 0x0 0 0 0 0 0 0 0 0 0 0 0 0 4 0 4 
SO[19]: 0x0 0 0 0 0 0 0 0 0 0 0 0 0 5 0 5   w: 4.000000

PO[20]: 0x0 0 0 0 0 0 0 5 0 0 0 0 0 0 0 5 
SO[20]: 0x0 0 0 0 0 0 0 1 0 0 0 0 0 0 0 1   w: 6.000000

PO[21]: 0x0 0 0 0 0 0 0 0 0 0 0 0 0 1 0 1 
SO[21]: 0x0 0 0 0 0 0 0 0 0 0 0 0 0 9 0 9   w: 4.000000

PO[22]: 0x0 0 0 5 0 0 0 0 0 0 0 0 0 0 0 5 
SO[22]: 0x0 0 0 1 0 0 0 0 0 0 0 0 0 0 0 1   w: 6.000000

PO[23]: 0x0 0 0 0 0 0 0 0 0 0 0 0 1 0 0 1 
SO[23]: 0x0 0 0 0 0 0 0 0 0 0 0 0 9 0 0 9   w: 4.000000

PO[24]: 0x0 0 0 9 0 0 0 0 0 0 0 0 0 0 0 9 
SO[24]: 0x0 0 0 4 0 0 0 0 0 0 0 0 0 0 0 4   w: 4.000000

PO[25]: 0x0 0 0 0 1 0 0 1 0 0 0 0 0 0 0 0 
SO[25]: 0x0 0 0 0 9 0 0 9 0 0 0 0 0 0 0 0   w: 4.000000

PO[26]: 0x0 9 0 0 0 0 0 0 0 0 0 0 0 9 0 0 
SO[26]: 0x0 4 0 0 0 0 0 0 0 0 0 0 0 4 0 0   w: 4.000000

PO[27]: 0x0 0 0 0 4 0 0 4 0 0 0 0 0 0 0 0 
SO[27]: 0x0 0 0 0 5 0 0 5 0 0 0 0 0 0 0 0   w: 4.000000

PO[28]: 0x0 0 0 0 0 9 0 0 0 0 0 0 0 9 0 0 
SO[28]: 0x0 0 0 0 0 4 0 0 0 0 0 0 0 4 0 0   w: 4.000000

PO[29]: 0x0 0 0 0 0 4 0 4 0 0 0 0 0 0 0 0 
SO[29]: 0x0 0 0 0 0 5 0 5 0 0 0 0 0 0 0 0   w: 4.000000

PO[30]: 0x0 0 0 0 0 5 0 0 0 0 0 0 0 5 0 0 
SO[30]: 0x0 0 0 0 0 c 0 0 0 0 0 0 0 c 0 0   w: 4.000000




RNUM_31:  Bn:136.000000 NP:2
PO[01]: 0x0 0 0 7 0 0 0 0 0 0 0 0 0 0 0 7 
SO[01]: 0x0 0 0 1 0 0 0 0 0 0 0 0 0 0 0 1   w: 4.000000

PO[02]: 0x0 0 0 0 0 0 0 0 0 0 0 0 1 0 0 1 
SO[02]: 0x0 0 0 0 0 0 0 0 0 0 0 0 9 0 0 9   w: 4.000000

PO[03]: 0x0 0 0 9 0 0 0 0 0 0 0 0 0 0 0 9 
SO[03]: 0x0 0 0 4 0 0 0 0 0 0 0 0 0 0 0 4   w: 4.000000

PO[04]: 0x0 0 0 0 1 0 0 1 0 0 0 0 0 0 0 0 
SO[04]: 0x0 0 0 0 3 0 0 3 0 0 0 0 0 0 0 0   w: 4.000000

PO[05]: 0x0 0 0 0 0 0 0 0 0 9 0 0 0 9 0 0 
SO[05]: 0x0 0 0 0 0 0 0 0 0 4 0 0 0 4 0 0   w: 4.000000

PO[06]: 0x0 0 0 0 0 0 4 4 0 0 0 0 0 0 0 0 
SO[06]: 0x0 0 0 0 0 0 5 5 0 0 0 0 0 0 0 0   w: 4.000000

PO[07]: 0x0 0 0 0 0 3 0 0 0 0 0 0 0 3 0 0 
SO[07]: 0x0 0 0 0 0 1 0 0 0 0 0 0 0 1 0 0   w: 6.000000

PO[08]: 0x0 0 0 0 0 0 0 0 0 0 0 0 0 4 0 4 
SO[08]: 0x0 0 0 0 0 0 0 0 0 0 0 0 0 5 0 5   w: 4.000000

PO[09]: 0x0 0 0 0 0 0 0 5 0 0 0 0 0 0 0 5 
SO[09]: 0x0 0 0 0 0 0 0 1 0 0 0 0 0 0 0 1   w: 6.000000

PO[10]: 0x0 0 0 0 0 0 0 0 0 0 0 0 0 1 0 1 
SO[10]: 0x0 0 0 0 0 0 0 0 0 0 0 0 0 9 0 9   w: 4.000000

PO[11]: 0x0 0 0 5 0 0 0 0 0 0 0 0 0 0 0 5 
SO[11]: 0x0 0 0 1 0 0 0 0 0 0 0 0 0 0 0 1   w: 6.000000

PO[12]: 0x0 0 0 0 0 0 0 0 0 0 0 0 1 0 0 1 
SO[12]: 0x0 0 0 0 0 0 0 0 0 0 0 0 9 0 0 9   w: 4.000000

PO[13]: 0x0 0 0 9 0 0 0 0 0 0 0 0 0 0 0 9 
SO[13]: 0x0 0 0 4 0 0 0 0 0 0 0 0 0 0 0 4   w: 4.000000

PO[14]: 0x0 0 0 0 1 0 0 1 0 0 0 0 0 0 0 0 
SO[14]: 0x0 0 0 0 9 0 0 9 0 0 0 0 0 0 0 0   w: 4.000000

PO[15]: 0x0 9 0 0 0 0 0 0 0 0 0 0 0 9 0 0 
SO[15]: 0x0 4 0 0 0 0 0 0 0 0 0 0 0 4 0 0   w: 4.000000

PO[16]: 0x0 0 0 0 4 0 0 4 0 0 0 0 0 0 0 0 
SO[16]: 0x0 0 0 0 5 0 0 5 0 0 0 0 0 0 0 0   w: 4.000000

PO[17]: 0x0 0 0 0 0 9 0 0 0 0 0 0 0 9 0 0 
SO[17]: 0x0 0 0 0 0 4 0 0 0 0 0 0 0 4 0 0   w: 4.000000

PO[18]: 0x0 0 0 0 0 4 0 4 0 0 0 0 0 0 0 0 
SO[18]: 0x0 0 0 0 0 5 0 5 0 0 0 0 0 0 0 0   w: 4.000000

PO[19]: 0x0 0 0 0 0 5 0 0 0 0 0 0 0 5 0 0 
SO[19]: 0x0 0 0 0 0 1 0 0 0 0 0 0 0 1 0 0   w: 6.000000

PO[20]: 0x0 0 0 0 0 0 0 0 0 0 0 0 0 4 0 4 
SO[20]: 0x0 0 0 0 0 0 0 0 0 0 0 0 0 5 0 5   w: 4.000000

PO[21]: 0x0 0 0 0 0 0 0 5 0 0 0 0 0 0 0 5 
SO[21]: 0x0 0 0 0 0 0 0 1 0 0 0 0 0 0 0 1   w: 6.000000

PO[22]: 0x0 0 0 0 0 0 0 0 0 0 0 0 0 1 0 1 
SO[22]: 0x0 0 0 0 0 0 0 0 0 0 0 0 0 9 0 9   w: 4.000000

PO[23]: 0x0 0 0 5 0 0 0 0 0 0 0 0 0 0 0 5 
SO[23]: 0x0 0 0 1 0 0 0 0 0 0 0 0 0 0 0 1   w: 6.000000

PO[24]: 0x0 0 0 0 0 0 0 0 0 0 0 0 1 0 0 1 
SO[24]: 0x0 0 0 0 0 0 0 0 0 0 0 0 9 0 0 9   w: 4.000000

PO[25]: 0x0 0 0 9 0 0 0 0 0 0 0 0 0 0 0 9 
SO[25]: 0x0 0 0 4 0 0 0 0 0 0 0 0 0 0 0 4   w: 4.000000

PO[26]: 0x0 0 0 0 1 0 0 1 0 0 0 0 0 0 0 0 
SO[26]: 0x0 0 0 0 9 0 0 9 0 0 0 0 0 0 0 0   w: 4.000000

PO[27]: 0x0 9 0 0 0 0 0 0 0 0 0 0 0 9 0 0 
SO[27]: 0x0 4 0 0 0 0 0 0 0 0 0 0 0 4 0 0   w: 4.000000

PO[28]: 0x0 0 0 0 4 0 0 4 0 0 0 0 0 0 0 0 
SO[28]: 0x0 0 0 0 5 0 0 5 0 0 0 0 0 0 0 0   w: 4.000000

PO[29]: 0x0 0 0 0 0 9 0 0 0 0 0 0 0 9 0 0 
SO[29]: 0x0 0 0 0 0 4 0 0 0 0 0 0 0 4 0 0   w: 4.000000

PO[30]: 0x0 0 0 0 0 4 0 4 0 0 0 0 0 0 0 0 
SO[30]: 0x0 0 0 0 0 5 0 5 0 0 0 0 0 0 0 0   w: 4.000000

PO[31]: 0x0 0 0 0 0 5 0 0 0 0 0 0 0 5 0 0 
SO[31]: 0x0 0 0 0 0 c 0 0 0 0 0 0 0 c 0 0   w: 4.000000



