
RNUM_2:  Bn:2.000000 NP:1
PO[01]: 0x0 0 0 0 0 0 0 0 0 0 0 0 0 0 0 9 
SO[01]: 0x0 0 0 0 0 0 0 0 0 0 0 0 0 0 0 1   w: 1.000000

PO[02]: 0x0 0 0 0 0 0 0 0 0 0 0 0 0 0 0 1 
SO[02]: 0x0 0 0 0 0 0 0 0 0 0 0 0 0 0 0 5   w: 1.000000




RNUM_3:  Bn:4.000000 NP:1
PO[01]: 0x0 0 0 0 0 0 0 0 0 0 0 0 0 0 0 9 
SO[01]: 0x0 0 0 0 0 0 0 0 0 0 0 0 0 0 0 1   w: 1.000000

PO[02]: 0x0 0 0 0 0 0 0 0 0 0 0 0 0 0 0 1 
SO[02]: 0x0 0 0 0 0 0 0 0 0 0 0 0 0 0 0 5   w: 1.000000

PO[03]: 0x0 0 0 0 0 0 0 1 0 0 0 0 0 0 0 1 
SO[03]: 0x0 0 0 0 0 0 0 5 0 0 0 0 0 0 0 5   w: 2.000000




RNUM_4:  Bn:6.000000 NP:2
PO[01]: 0x0 0 0 0 0 0 0 0 0 0 0 0 9 0 0 9 
SO[01]: 0x0 0 0 0 0 0 0 0 0 0 0 0 1 0 0 1   w: 2.000000

PO[02]: 0x0 0 0 0 0 0 0 0 0 0 0 0 0 0 0 9 
SO[02]: 0x0 0 0 0 0 0 0 0 0 0 0 0 0 0 0 1   w: 1.000000

PO[03]: 0x0 0 0 0 0 0 0 0 0 0 0 0 0 0 0 1 
SO[03]: 0x0 0 0 0 0 0 0 0 0 0 0 0 0 0 0 5   w: 1.000000

PO[04]: 0x0 0 0 0 0 0 0 1 0 0 0 0 0 0 0 1 
SO[04]: 0x0 0 0 0 0 0 0 5 0 0 0 0 0 0 0 5   w: 2.000000




RNUM_5:  Bn:8.000000 NP:1
PO[01]: 0x0 0 0 0 0 0 0 0 0 0 9 0 0 0 0 0 
SO[01]: 0x0 0 0 0 0 0 0 0 0 0 1 0 0 0 0 0   w: 1.000000

PO[02]: 0x0 0 0 0 0 0 0 0 0 0 0 0 0 0 2 0 
SO[02]: 0x0 0 0 0 0 0 0 0 0 0 0 0 0 0 2 0   w: 2.000000

PO[03]: 0x0 0 0 0 0 0 0 0 0 0 0 2 0 0 0 0 
SO[03]: 0x0 0 0 0 0 0 0 0 0 0 0 2 0 0 0 0   w: 2.000000

PO[04]: 0x0 0 0 0 0 0 0 0 0 0 1 0 0 0 0 0 
SO[04]: 0x0 0 0 0 0 0 0 0 0 0 5 0 0 0 0 0   w: 1.000000

PO[05]: 0x0 0 0 0 0 0 2 0 0 0 0 0 0 0 2 0 
SO[05]: 0x0 0 0 0 0 0 b 0 0 0 0 0 0 0 b 0   w: 2.000000




RNUM_6:  Bn:10.000000 NP:2
PO[01]: 0x0 0 0 0 0 0 0 0 a 0 0 a 0 0 0 0 
SO[01]: 0x0 0 0 0 0 0 0 0 2 0 0 2 0 0 0 0   w: 2.000000

PO[02]: 0x0 0 0 0 0 0 0 0 0 0 9 0 0 0 0 0 
SO[02]: 0x0 0 0 0 0 0 0 0 0 0 1 0 0 0 0 0   w: 1.000000

PO[03]: 0x0 0 0 0 0 0 0 0 0 0 0 0 0 0 2 0 
SO[03]: 0x0 0 0 0 0 0 0 0 0 0 0 0 0 0 2 0   w: 2.000000

PO[04]: 0x0 0 0 0 0 0 0 0 0 0 0 2 0 0 0 0 
SO[04]: 0x0 0 0 0 0 0 0 0 0 0 0 2 0 0 0 0   w: 2.000000

PO[05]: 0x0 0 0 0 0 0 0 0 0 0 1 0 0 0 0 0 
SO[05]: 0x0 0 0 0 0 0 0 0 0 0 5 0 0 0 0 0   w: 1.000000

PO[06]: 0x0 0 0 0 0 0 2 0 0 0 0 0 0 0 2 0 
SO[06]: 0x0 0 0 0 0 0 b 0 0 0 0 0 0 0 b 0   w: 2.000000




RNUM_7:  Bn:12.000000 NP:1
PO[01]: 0x0 0 0 0 0 0 0 0 0 0 a 0 0 0 0 0 
SO[01]: 0x0 0 0 0 0 0 0 0 0 0 2 0 0 0 0 0   w: 1.000000

PO[02]: 0x0 0 0 0 0 0 0 0 0 0 2 0 0 0 0 0 
SO[02]: 0x0 0 0 0 0 0 0 0 0 0 2 0 0 0 0 0   w: 2.000000

PO[03]: 0x0 0 0 0 0 0 0 0 0 0 2 0 0 0 0 0 
SO[03]: 0x0 0 0 0 0 0 0 0 0 0 2 0 0 0 0 0   w: 2.000000

PO[04]: 0x0 0 0 0 0 0 0 0 0 0 2 0 0 0 0 0 
SO[04]: 0x0 0 0 0 0 0 0 0 0 0 2 0 0 0 0 0   w: 2.000000

PO[05]: 0x0 0 0 0 0 0 0 0 0 0 2 0 0 0 0 0 
SO[05]: 0x0 0 0 0 0 0 0 0 0 0 2 0 0 0 0 0   w: 2.000000

PO[06]: 0x0 0 0 0 0 0 0 0 0 0 2 0 0 0 0 0 
SO[06]: 0x0 0 0 0 0 0 0 0 0 0 2 0 0 0 0 0   w: 2.000000

PO[07]: 0x0 0 0 0 0 0 0 0 0 0 2 0 0 0 0 0 
SO[07]: 0x0 0 0 0 0 0 0 0 0 0 b 0 0 0 0 0   w: 1.000000




RNUM_8:  Bn:14.000000 NP:1
PO[01]: 0x0 0 0 0 0 0 0 0 0 0 a 0 0 0 0 0 
SO[01]: 0x0 0 0 0 0 0 0 0 0 0 2 0 0 0 0 0   w: 1.000000

PO[02]: 0x0 0 0 0 0 0 0 0 0 0 2 0 0 0 0 0 
SO[02]: 0x0 0 0 0 0 0 0 0 0 0 2 0 0 0 0 0   w: 2.000000

PO[03]: 0x0 0 0 0 0 0 0 0 0 0 2 0 0 0 0 0 
SO[03]: 0x0 0 0 0 0 0 0 0 0 0 2 0 0 0 0 0   w: 2.000000

PO[04]: 0x0 0 0 0 0 0 0 0 0 0 2 0 0 0 0 0 
SO[04]: 0x0 0 0 0 0 0 0 0 0 0 2 0 0 0 0 0   w: 2.000000

PO[05]: 0x0 0 0 0 0 0 0 0 0 0 2 0 0 0 0 0 
SO[05]: 0x0 0 0 0 0 0 0 0 0 0 2 0 0 0 0 0   w: 2.000000

PO[06]: 0x0 0 0 0 0 0 0 0 0 0 2 0 0 0 0 0 
SO[06]: 0x0 0 0 0 0 0 0 0 0 0 2 0 0 0 0 0   w: 2.000000

PO[07]: 0x0 0 0 0 0 0 0 0 0 0 2 0 0 0 0 0 
SO[07]: 0x0 0 0 0 0 0 0 0 0 0 2 0 0 0 0 0   w: 2.000000

PO[08]: 0x0 0 0 0 0 0 0 0 0 0 2 0 0 0 0 0 
SO[08]: 0x0 0 0 0 0 0 0 0 0 0 b 0 0 0 0 0   w: 1.000000




RNUM_9:  Bn:16.000000 NP:1
PO[01]: 0x0 0 0 0 0 0 0 0 0 0 a 0 0 0 0 0 
SO[01]: 0x0 0 0 0 0 0 0 0 0 0 2 0 0 0 0 0   w: 1.000000

PO[02]: 0x0 0 0 0 0 0 0 0 0 0 2 0 0 0 0 0 
SO[02]: 0x0 0 0 0 0 0 0 0 0 0 2 0 0 0 0 0   w: 2.000000

PO[03]: 0x0 0 0 0 0 0 0 0 0 0 2 0 0 0 0 0 
SO[03]: 0x0 0 0 0 0 0 0 0 0 0 2 0 0 0 0 0   w: 2.000000

PO[04]: 0x0 0 0 0 0 0 0 0 0 0 2 0 0 0 0 0 
SO[04]: 0x0 0 0 0 0 0 0 0 0 0 2 0 0 0 0 0   w: 2.000000

PO[05]: 0x0 0 0 0 0 0 0 0 0 0 2 0 0 0 0 0 
SO[05]: 0x0 0 0 0 0 0 0 0 0 0 2 0 0 0 0 0   w: 2.000000

PO[06]: 0x0 0 0 0 0 0 0 0 0 0 2 0 0 0 0 0 
SO[06]: 0x0 0 0 0 0 0 0 0 0 0 2 0 0 0 0 0   w: 2.000000

PO[07]: 0x0 0 0 0 0 0 0 0 0 0 2 0 0 0 0 0 
SO[07]: 0x0 0 0 0 0 0 0 0 0 0 2 0 0 0 0 0   w: 2.000000

PO[08]: 0x0 0 0 0 0 0 0 0 0 0 2 0 0 0 0 0 
SO[08]: 0x0 0 0 0 0 0 0 0 0 0 2 0 0 0 0 0   w: 2.000000

PO[09]: 0x0 0 0 0 0 0 0 0 0 0 2 0 0 0 0 0 
SO[09]: 0x0 0 0 0 0 0 0 0 0 0 b 0 0 0 0 0   w: 1.000000




RNUM_10:  Bn:18.000000 NP:1
PO[01]: 0x0 0 0 0 0 0 0 0 0 0 a 0 0 0 0 0 
SO[01]: 0x0 0 0 0 0 0 0 0 0 0 2 0 0 0 0 0   w: 1.000000

PO[02]: 0x0 0 0 0 0 0 0 0 0 0 2 0 0 0 0 0 
SO[02]: 0x0 0 0 0 0 0 0 0 0 0 2 0 0 0 0 0   w: 2.000000

PO[03]: 0x0 0 0 0 0 0 0 0 0 0 2 0 0 0 0 0 
SO[03]: 0x0 0 0 0 0 0 0 0 0 0 2 0 0 0 0 0   w: 2.000000

PO[04]: 0x0 0 0 0 0 0 0 0 0 0 2 0 0 0 0 0 
SO[04]: 0x0 0 0 0 0 0 0 0 0 0 2 0 0 0 0 0   w: 2.000000

PO[05]: 0x0 0 0 0 0 0 0 0 0 0 2 0 0 0 0 0 
SO[05]: 0x0 0 0 0 0 0 0 0 0 0 2 0 0 0 0 0   w: 2.000000

PO[06]: 0x0 0 0 0 0 0 0 0 0 0 2 0 0 0 0 0 
SO[06]: 0x0 0 0 0 0 0 0 0 0 0 2 0 0 0 0 0   w: 2.000000

PO[07]: 0x0 0 0 0 0 0 0 0 0 0 2 0 0 0 0 0 
SO[07]: 0x0 0 0 0 0 0 0 0 0 0 2 0 0 0 0 0   w: 2.000000

PO[08]: 0x0 0 0 0 0 0 0 0 0 0 2 0 0 0 0 0 
SO[08]: 0x0 0 0 0 0 0 0 0 0 0 2 0 0 0 0 0   w: 2.000000

PO[09]: 0x0 0 0 0 0 0 0 0 0 0 2 0 0 0 0 0 
SO[09]: 0x0 0 0 0 0 0 0 0 0 0 2 0 0 0 0 0   w: 2.000000

PO[10]: 0x0 0 0 0 0 0 0 0 0 0 2 0 0 0 0 0 
SO[10]: 0x0 0 0 0 0 0 0 0 0 0 b 0 0 0 0 0   w: 1.000000




RNUM_11:  Bn:20.000000 NP:1
PO[01]: 0x0 0 0 0 0 0 0 0 0 0 a 0 0 0 0 0 
SO[01]: 0x0 0 0 0 0 0 0 0 0 0 2 0 0 0 0 0   w: 1.000000

PO[02]: 0x0 0 0 0 0 0 0 0 0 0 2 0 0 0 0 0 
SO[02]: 0x0 0 0 0 0 0 0 0 0 0 2 0 0 0 0 0   w: 2.000000

PO[03]: 0x0 0 0 0 0 0 0 0 0 0 2 0 0 0 0 0 
SO[03]: 0x0 0 0 0 0 0 0 0 0 0 2 0 0 0 0 0   w: 2.000000

PO[04]: 0x0 0 0 0 0 0 0 0 0 0 2 0 0 0 0 0 
SO[04]: 0x0 0 0 0 0 0 0 0 0 0 2 0 0 0 0 0   w: 2.000000

PO[05]: 0x0 0 0 0 0 0 0 0 0 0 2 0 0 0 0 0 
SO[05]: 0x0 0 0 0 0 0 0 0 0 0 2 0 0 0 0 0   w: 2.000000

PO[06]: 0x0 0 0 0 0 0 0 0 0 0 2 0 0 0 0 0 
SO[06]: 0x0 0 0 0 0 0 0 0 0 0 2 0 0 0 0 0   w: 2.000000

PO[07]: 0x0 0 0 0 0 0 0 0 0 0 2 0 0 0 0 0 
SO[07]: 0x0 0 0 0 0 0 0 0 0 0 2 0 0 0 0 0   w: 2.000000

PO[08]: 0x0 0 0 0 0 0 0 0 0 0 2 0 0 0 0 0 
SO[08]: 0x0 0 0 0 0 0 0 0 0 0 2 0 0 0 0 0   w: 2.000000

PO[09]: 0x0 0 0 0 0 0 0 0 0 0 2 0 0 0 0 0 
SO[09]: 0x0 0 0 0 0 0 0 0 0 0 2 0 0 0 0 0   w: 2.000000

PO[10]: 0x0 0 0 0 0 0 0 0 0 0 2 0 0 0 0 0 
SO[10]: 0x0 0 0 0 0 0 0 0 0 0 2 0 0 0 0 0   w: 2.000000

PO[11]: 0x0 0 0 0 0 0 0 0 0 0 2 0 0 0 0 0 
SO[11]: 0x0 0 0 0 0 0 0 0 0 0 b 0 0 0 0 0   w: 1.000000




RNUM_12:  Bn:22.000000 NP:1
PO[01]: 0x0 0 0 0 0 0 0 0 0 0 a 0 0 0 0 0 
SO[01]: 0x0 0 0 0 0 0 0 0 0 0 2 0 0 0 0 0   w: 1.000000

PO[02]: 0x0 0 0 0 0 0 0 0 0 0 2 0 0 0 0 0 
SO[02]: 0x0 0 0 0 0 0 0 0 0 0 2 0 0 0 0 0   w: 2.000000

PO[03]: 0x0 0 0 0 0 0 0 0 0 0 2 0 0 0 0 0 
SO[03]: 0x0 0 0 0 0 0 0 0 0 0 2 0 0 0 0 0   w: 2.000000

PO[04]: 0x0 0 0 0 0 0 0 0 0 0 2 0 0 0 0 0 
SO[04]: 0x0 0 0 0 0 0 0 0 0 0 2 0 0 0 0 0   w: 2.000000

PO[05]: 0x0 0 0 0 0 0 0 0 0 0 2 0 0 0 0 0 
SO[05]: 0x0 0 0 0 0 0 0 0 0 0 2 0 0 0 0 0   w: 2.000000

PO[06]: 0x0 0 0 0 0 0 0 0 0 0 2 0 0 0 0 0 
SO[06]: 0x0 0 0 0 0 0 0 0 0 0 2 0 0 0 0 0   w: 2.000000

PO[07]: 0x0 0 0 0 0 0 0 0 0 0 2 0 0 0 0 0 
SO[07]: 0x0 0 0 0 0 0 0 0 0 0 2 0 0 0 0 0   w: 2.000000

PO[08]: 0x0 0 0 0 0 0 0 0 0 0 2 0 0 0 0 0 
SO[08]: 0x0 0 0 0 0 0 0 0 0 0 2 0 0 0 0 0   w: 2.000000

PO[09]: 0x0 0 0 0 0 0 0 0 0 0 2 0 0 0 0 0 
SO[09]: 0x0 0 0 0 0 0 0 0 0 0 2 0 0 0 0 0   w: 2.000000

PO[10]: 0x0 0 0 0 0 0 0 0 0 0 2 0 0 0 0 0 
SO[10]: 0x0 0 0 0 0 0 0 0 0 0 2 0 0 0 0 0   w: 2.000000

PO[11]: 0x0 0 0 0 0 0 0 0 0 0 2 0 0 0 0 0 
SO[11]: 0x0 0 0 0 0 0 0 0 0 0 2 0 0 0 0 0   w: 2.000000

PO[12]: 0x0 0 0 0 0 0 0 0 0 0 2 0 0 0 0 0 
SO[12]: 0x0 0 0 0 0 0 0 0 0 0 b 0 0 0 0 0   w: 1.000000




RNUM_13:  Bn:24.000000 NP:1
PO[01]: 0x0 0 0 0 0 0 0 0 0 0 a 0 0 0 0 0 
SO[01]: 0x0 0 0 0 0 0 0 0 0 0 2 0 0 0 0 0   w: 1.000000

PO[02]: 0x0 0 0 0 0 0 0 0 0 0 2 0 0 0 0 0 
SO[02]: 0x0 0 0 0 0 0 0 0 0 0 2 0 0 0 0 0   w: 2.000000

PO[03]: 0x0 0 0 0 0 0 0 0 0 0 2 0 0 0 0 0 
SO[03]: 0x0 0 0 0 0 0 0 0 0 0 2 0 0 0 0 0   w: 2.000000

PO[04]: 0x0 0 0 0 0 0 0 0 0 0 2 0 0 0 0 0 
SO[04]: 0x0 0 0 0 0 0 0 0 0 0 2 0 0 0 0 0   w: 2.000000

PO[05]: 0x0 0 0 0 0 0 0 0 0 0 2 0 0 0 0 0 
SO[05]: 0x0 0 0 0 0 0 0 0 0 0 2 0 0 0 0 0   w: 2.000000

PO[06]: 0x0 0 0 0 0 0 0 0 0 0 2 0 0 0 0 0 
SO[06]: 0x0 0 0 0 0 0 0 0 0 0 2 0 0 0 0 0   w: 2.000000

PO[07]: 0x0 0 0 0 0 0 0 0 0 0 2 0 0 0 0 0 
SO[07]: 0x0 0 0 0 0 0 0 0 0 0 2 0 0 0 0 0   w: 2.000000

PO[08]: 0x0 0 0 0 0 0 0 0 0 0 2 0 0 0 0 0 
SO[08]: 0x0 0 0 0 0 0 0 0 0 0 2 0 0 0 0 0   w: 2.000000

PO[09]: 0x0 0 0 0 0 0 0 0 0 0 2 0 0 0 0 0 
SO[09]: 0x0 0 0 0 0 0 0 0 0 0 2 0 0 0 0 0   w: 2.000000

PO[10]: 0x0 0 0 0 0 0 0 0 0 0 2 0 0 0 0 0 
SO[10]: 0x0 0 0 0 0 0 0 0 0 0 2 0 0 0 0 0   w: 2.000000

PO[11]: 0x0 0 0 0 0 0 0 0 0 0 2 0 0 0 0 0 
SO[11]: 0x0 0 0 0 0 0 0 0 0 0 2 0 0 0 0 0   w: 2.000000

PO[12]: 0x0 0 0 0 0 0 0 0 0 0 2 0 0 0 0 0 
SO[12]: 0x0 0 0 0 0 0 0 0 0 0 2 0 0 0 0 0   w: 2.000000

PO[13]: 0x0 0 0 0 0 0 0 0 0 0 2 0 0 0 0 0 
SO[13]: 0x0 0 0 0 0 0 0 0 0 0 b 0 0 0 0 0   w: 1.000000




RNUM_14:  Bn:26.000000 NP:1
PO[01]: 0x0 0 0 0 0 0 0 0 0 0 a 0 0 0 0 0 
SO[01]: 0x0 0 0 0 0 0 0 0 0 0 2 0 0 0 0 0   w: 1.000000

PO[02]: 0x0 0 0 0 0 0 0 0 0 0 2 0 0 0 0 0 
SO[02]: 0x0 0 0 0 0 0 0 0 0 0 2 0 0 0 0 0   w: 2.000000

PO[03]: 0x0 0 0 0 0 0 0 0 0 0 2 0 0 0 0 0 
SO[03]: 0x0 0 0 0 0 0 0 0 0 0 2 0 0 0 0 0   w: 2.000000

PO[04]: 0x0 0 0 0 0 0 0 0 0 0 2 0 0 0 0 0 
SO[04]: 0x0 0 0 0 0 0 0 0 0 0 2 0 0 0 0 0   w: 2.000000

PO[05]: 0x0 0 0 0 0 0 0 0 0 0 2 0 0 0 0 0 
SO[05]: 0x0 0 0 0 0 0 0 0 0 0 2 0 0 0 0 0   w: 2.000000

PO[06]: 0x0 0 0 0 0 0 0 0 0 0 2 0 0 0 0 0 
SO[06]: 0x0 0 0 0 0 0 0 0 0 0 2 0 0 0 0 0   w: 2.000000

PO[07]: 0x0 0 0 0 0 0 0 0 0 0 2 0 0 0 0 0 
SO[07]: 0x0 0 0 0 0 0 0 0 0 0 2 0 0 0 0 0   w: 2.000000

PO[08]: 0x0 0 0 0 0 0 0 0 0 0 2 0 0 0 0 0 
SO[08]: 0x0 0 0 0 0 0 0 0 0 0 2 0 0 0 0 0   w: 2.000000

PO[09]: 0x0 0 0 0 0 0 0 0 0 0 2 0 0 0 0 0 
SO[09]: 0x0 0 0 0 0 0 0 0 0 0 2 0 0 0 0 0   w: 2.000000

PO[10]: 0x0 0 0 0 0 0 0 0 0 0 2 0 0 0 0 0 
SO[10]: 0x0 0 0 0 0 0 0 0 0 0 2 0 0 0 0 0   w: 2.000000

PO[11]: 0x0 0 0 0 0 0 0 0 0 0 2 0 0 0 0 0 
SO[11]: 0x0 0 0 0 0 0 0 0 0 0 2 0 0 0 0 0   w: 2.000000

PO[12]: 0x0 0 0 0 0 0 0 0 0 0 2 0 0 0 0 0 
SO[12]: 0x0 0 0 0 0 0 0 0 0 0 2 0 0 0 0 0   w: 2.000000

PO[13]: 0x0 0 0 0 0 0 0 0 0 0 2 0 0 0 0 0 
SO[13]: 0x0 0 0 0 0 0 0 0 0 0 2 0 0 0 0 0   w: 2.000000

PO[14]: 0x0 0 0 0 0 0 0 0 0 0 2 0 0 0 0 0 
SO[14]: 0x0 0 0 0 0 0 0 0 0 0 b 0 0 0 0 0   w: 1.000000




RNUM_15:  Bn:28.000000 NP:1
PO[01]: 0x0 0 0 0 0 0 0 0 0 0 a 0 0 0 0 0 
SO[01]: 0x0 0 0 0 0 0 0 0 0 0 2 0 0 0 0 0   w: 1.000000

PO[02]: 0x0 0 0 0 0 0 0 0 0 0 2 0 0 0 0 0 
SO[02]: 0x0 0 0 0 0 0 0 0 0 0 2 0 0 0 0 0   w: 2.000000

PO[03]: 0x0 0 0 0 0 0 0 0 0 0 2 0 0 0 0 0 
SO[03]: 0x0 0 0 0 0 0 0 0 0 0 2 0 0 0 0 0   w: 2.000000

PO[04]: 0x0 0 0 0 0 0 0 0 0 0 2 0 0 0 0 0 
SO[04]: 0x0 0 0 0 0 0 0 0 0 0 2 0 0 0 0 0   w: 2.000000

PO[05]: 0x0 0 0 0 0 0 0 0 0 0 2 0 0 0 0 0 
SO[05]: 0x0 0 0 0 0 0 0 0 0 0 2 0 0 0 0 0   w: 2.000000

PO[06]: 0x0 0 0 0 0 0 0 0 0 0 2 0 0 0 0 0 
SO[06]: 0x0 0 0 0 0 0 0 0 0 0 2 0 0 0 0 0   w: 2.000000

PO[07]: 0x0 0 0 0 0 0 0 0 0 0 2 0 0 0 0 0 
SO[07]: 0x0 0 0 0 0 0 0 0 0 0 2 0 0 0 0 0   w: 2.000000

PO[08]: 0x0 0 0 0 0 0 0 0 0 0 2 0 0 0 0 0 
SO[08]: 0x0 0 0 0 0 0 0 0 0 0 2 0 0 0 0 0   w: 2.000000

PO[09]: 0x0 0 0 0 0 0 0 0 0 0 2 0 0 0 0 0 
SO[09]: 0x0 0 0 0 0 0 0 0 0 0 2 0 0 0 0 0   w: 2.000000

PO[10]: 0x0 0 0 0 0 0 0 0 0 0 2 0 0 0 0 0 
SO[10]: 0x0 0 0 0 0 0 0 0 0 0 2 0 0 0 0 0   w: 2.000000

PO[11]: 0x0 0 0 0 0 0 0 0 0 0 2 0 0 0 0 0 
SO[11]: 0x0 0 0 0 0 0 0 0 0 0 2 0 0 0 0 0   w: 2.000000

PO[12]: 0x0 0 0 0 0 0 0 0 0 0 2 0 0 0 0 0 
SO[12]: 0x0 0 0 0 0 0 0 0 0 0 2 0 0 0 0 0   w: 2.000000

PO[13]: 0x0 0 0 0 0 0 0 0 0 0 2 0 0 0 0 0 
SO[13]: 0x0 0 0 0 0 0 0 0 0 0 2 0 0 0 0 0   w: 2.000000

PO[14]: 0x0 0 0 0 0 0 0 0 0 0 2 0 0 0 0 0 
SO[14]: 0x0 0 0 0 0 0 0 0 0 0 2 0 0 0 0 0   w: 2.000000

PO[15]: 0x0 0 0 0 0 0 0 0 0 0 2 0 0 0 0 0 
SO[15]: 0x0 0 0 0 0 0 0 0 0 0 b 0 0 0 0 0   w: 1.000000




RNUM_16:  Bn:30.000000 NP:1
PO[01]: 0x0 0 0 0 0 0 0 0 0 0 a 0 0 0 0 0 
SO[01]: 0x0 0 0 0 0 0 0 0 0 0 2 0 0 0 0 0   w: 1.000000

PO[02]: 0x0 0 0 0 0 0 0 0 0 0 2 0 0 0 0 0 
SO[02]: 0x0 0 0 0 0 0 0 0 0 0 2 0 0 0 0 0   w: 2.000000

PO[03]: 0x0 0 0 0 0 0 0 0 0 0 2 0 0 0 0 0 
SO[03]: 0x0 0 0 0 0 0 0 0 0 0 2 0 0 0 0 0   w: 2.000000

PO[04]: 0x0 0 0 0 0 0 0 0 0 0 2 0 0 0 0 0 
SO[04]: 0x0 0 0 0 0 0 0 0 0 0 2 0 0 0 0 0   w: 2.000000

PO[05]: 0x0 0 0 0 0 0 0 0 0 0 2 0 0 0 0 0 
SO[05]: 0x0 0 0 0 0 0 0 0 0 0 2 0 0 0 0 0   w: 2.000000

PO[06]: 0x0 0 0 0 0 0 0 0 0 0 2 0 0 0 0 0 
SO[06]: 0x0 0 0 0 0 0 0 0 0 0 2 0 0 0 0 0   w: 2.000000

PO[07]: 0x0 0 0 0 0 0 0 0 0 0 2 0 0 0 0 0 
SO[07]: 0x0 0 0 0 0 0 0 0 0 0 2 0 0 0 0 0   w: 2.000000

PO[08]: 0x0 0 0 0 0 0 0 0 0 0 2 0 0 0 0 0 
SO[08]: 0x0 0 0 0 0 0 0 0 0 0 2 0 0 0 0 0   w: 2.000000

PO[09]: 0x0 0 0 0 0 0 0 0 0 0 2 0 0 0 0 0 
SO[09]: 0x0 0 0 0 0 0 0 0 0 0 2 0 0 0 0 0   w: 2.000000

PO[10]: 0x0 0 0 0 0 0 0 0 0 0 2 0 0 0 0 0 
SO[10]: 0x0 0 0 0 0 0 0 0 0 0 2 0 0 0 0 0   w: 2.000000

PO[11]: 0x0 0 0 0 0 0 0 0 0 0 2 0 0 0 0 0 
SO[11]: 0x0 0 0 0 0 0 0 0 0 0 2 0 0 0 0 0   w: 2.000000

PO[12]: 0x0 0 0 0 0 0 0 0 0 0 2 0 0 0 0 0 
SO[12]: 0x0 0 0 0 0 0 0 0 0 0 2 0 0 0 0 0   w: 2.000000

PO[13]: 0x0 0 0 0 0 0 0 0 0 0 2 0 0 0 0 0 
SO[13]: 0x0 0 0 0 0 0 0 0 0 0 2 0 0 0 0 0   w: 2.000000

PO[14]: 0x0 0 0 0 0 0 0 0 0 0 2 0 0 0 0 0 
SO[14]: 0x0 0 0 0 0 0 0 0 0 0 2 0 0 0 0 0   w: 2.000000

PO[15]: 0x0 0 0 0 0 0 0 0 0 0 2 0 0 0 0 0 
SO[15]: 0x0 0 0 0 0 0 0 0 0 0 2 0 0 0 0 0   w: 2.000000

PO[16]: 0x0 0 0 0 0 0 0 0 0 0 2 0 0 0 0 0 
SO[16]: 0x0 0 0 0 0 0 0 0 0 0 b 0 0 0 0 0   w: 1.000000




RNUM_17:  Bn:32.000000 NP:1
PO[01]: 0x0 0 0 0 0 0 0 0 0 0 a 0 0 0 0 0 
SO[01]: 0x0 0 0 0 0 0 0 0 0 0 2 0 0 0 0 0   w: 1.000000

PO[02]: 0x0 0 0 0 0 0 0 0 0 0 2 0 0 0 0 0 
SO[02]: 0x0 0 0 0 0 0 0 0 0 0 2 0 0 0 0 0   w: 2.000000

PO[03]: 0x0 0 0 0 0 0 0 0 0 0 2 0 0 0 0 0 
SO[03]: 0x0 0 0 0 0 0 0 0 0 0 2 0 0 0 0 0   w: 2.000000

PO[04]: 0x0 0 0 0 0 0 0 0 0 0 2 0 0 0 0 0 
SO[04]: 0x0 0 0 0 0 0 0 0 0 0 2 0 0 0 0 0   w: 2.000000

PO[05]: 0x0 0 0 0 0 0 0 0 0 0 2 0 0 0 0 0 
SO[05]: 0x0 0 0 0 0 0 0 0 0 0 2 0 0 0 0 0   w: 2.000000

PO[06]: 0x0 0 0 0 0 0 0 0 0 0 2 0 0 0 0 0 
SO[06]: 0x0 0 0 0 0 0 0 0 0 0 2 0 0 0 0 0   w: 2.000000

PO[07]: 0x0 0 0 0 0 0 0 0 0 0 2 0 0 0 0 0 
SO[07]: 0x0 0 0 0 0 0 0 0 0 0 2 0 0 0 0 0   w: 2.000000

PO[08]: 0x0 0 0 0 0 0 0 0 0 0 2 0 0 0 0 0 
SO[08]: 0x0 0 0 0 0 0 0 0 0 0 2 0 0 0 0 0   w: 2.000000

PO[09]: 0x0 0 0 0 0 0 0 0 0 0 2 0 0 0 0 0 
SO[09]: 0x0 0 0 0 0 0 0 0 0 0 2 0 0 0 0 0   w: 2.000000

PO[10]: 0x0 0 0 0 0 0 0 0 0 0 2 0 0 0 0 0 
SO[10]: 0x0 0 0 0 0 0 0 0 0 0 2 0 0 0 0 0   w: 2.000000

PO[11]: 0x0 0 0 0 0 0 0 0 0 0 2 0 0 0 0 0 
SO[11]: 0x0 0 0 0 0 0 0 0 0 0 2 0 0 0 0 0   w: 2.000000

PO[12]: 0x0 0 0 0 0 0 0 0 0 0 2 0 0 0 0 0 
SO[12]: 0x0 0 0 0 0 0 0 0 0 0 2 0 0 0 0 0   w: 2.000000

PO[13]: 0x0 0 0 0 0 0 0 0 0 0 2 0 0 0 0 0 
SO[13]: 0x0 0 0 0 0 0 0 0 0 0 2 0 0 0 0 0   w: 2.000000

PO[14]: 0x0 0 0 0 0 0 0 0 0 0 2 0 0 0 0 0 
SO[14]: 0x0 0 0 0 0 0 0 0 0 0 2 0 0 0 0 0   w: 2.000000

PO[15]: 0x0 0 0 0 0 0 0 0 0 0 2 0 0 0 0 0 
SO[15]: 0x0 0 0 0 0 0 0 0 0 0 2 0 0 0 0 0   w: 2.000000

PO[16]: 0x0 0 0 0 0 0 0 0 0 0 2 0 0 0 0 0 
SO[16]: 0x0 0 0 0 0 0 0 0 0 0 2 0 0 0 0 0   w: 2.000000

PO[17]: 0x0 0 0 0 0 0 0 0 0 0 2 0 0 0 0 0 
SO[17]: 0x0 0 0 0 0 0 0 0 0 0 b 0 0 0 0 0   w: 1.000000




RNUM_18:  Bn:34.000000 NP:1
PO[01]: 0x0 0 0 0 0 0 0 0 0 0 a 0 0 0 0 0 
SO[01]: 0x0 0 0 0 0 0 0 0 0 0 2 0 0 0 0 0   w: 1.000000

PO[02]: 0x0 0 0 0 0 0 0 0 0 0 2 0 0 0 0 0 
SO[02]: 0x0 0 0 0 0 0 0 0 0 0 2 0 0 0 0 0   w: 2.000000

PO[03]: 0x0 0 0 0 0 0 0 0 0 0 2 0 0 0 0 0 
SO[03]: 0x0 0 0 0 0 0 0 0 0 0 2 0 0 0 0 0   w: 2.000000

PO[04]: 0x0 0 0 0 0 0 0 0 0 0 2 0 0 0 0 0 
SO[04]: 0x0 0 0 0 0 0 0 0 0 0 2 0 0 0 0 0   w: 2.000000

PO[05]: 0x0 0 0 0 0 0 0 0 0 0 2 0 0 0 0 0 
SO[05]: 0x0 0 0 0 0 0 0 0 0 0 2 0 0 0 0 0   w: 2.000000

PO[06]: 0x0 0 0 0 0 0 0 0 0 0 2 0 0 0 0 0 
SO[06]: 0x0 0 0 0 0 0 0 0 0 0 2 0 0 0 0 0   w: 2.000000

PO[07]: 0x0 0 0 0 0 0 0 0 0 0 2 0 0 0 0 0 
SO[07]: 0x0 0 0 0 0 0 0 0 0 0 2 0 0 0 0 0   w: 2.000000

PO[08]: 0x0 0 0 0 0 0 0 0 0 0 2 0 0 0 0 0 
SO[08]: 0x0 0 0 0 0 0 0 0 0 0 2 0 0 0 0 0   w: 2.000000

PO[09]: 0x0 0 0 0 0 0 0 0 0 0 2 0 0 0 0 0 
SO[09]: 0x0 0 0 0 0 0 0 0 0 0 2 0 0 0 0 0   w: 2.000000

PO[10]: 0x0 0 0 0 0 0 0 0 0 0 2 0 0 0 0 0 
SO[10]: 0x0 0 0 0 0 0 0 0 0 0 2 0 0 0 0 0   w: 2.000000

PO[11]: 0x0 0 0 0 0 0 0 0 0 0 2 0 0 0 0 0 
SO[11]: 0x0 0 0 0 0 0 0 0 0 0 2 0 0 0 0 0   w: 2.000000

PO[12]: 0x0 0 0 0 0 0 0 0 0 0 2 0 0 0 0 0 
SO[12]: 0x0 0 0 0 0 0 0 0 0 0 2 0 0 0 0 0   w: 2.000000

PO[13]: 0x0 0 0 0 0 0 0 0 0 0 2 0 0 0 0 0 
SO[13]: 0x0 0 0 0 0 0 0 0 0 0 2 0 0 0 0 0   w: 2.000000

PO[14]: 0x0 0 0 0 0 0 0 0 0 0 2 0 0 0 0 0 
SO[14]: 0x0 0 0 0 0 0 0 0 0 0 2 0 0 0 0 0   w: 2.000000

PO[15]: 0x0 0 0 0 0 0 0 0 0 0 2 0 0 0 0 0 
SO[15]: 0x0 0 0 0 0 0 0 0 0 0 2 0 0 0 0 0   w: 2.000000

PO[16]: 0x0 0 0 0 0 0 0 0 0 0 2 0 0 0 0 0 
SO[16]: 0x0 0 0 0 0 0 0 0 0 0 2 0 0 0 0 0   w: 2.000000

PO[17]: 0x0 0 0 0 0 0 0 0 0 0 2 0 0 0 0 0 
SO[17]: 0x0 0 0 0 0 0 0 0 0 0 2 0 0 0 0 0   w: 2.000000

PO[18]: 0x0 0 0 0 0 0 0 0 0 0 2 0 0 0 0 0 
SO[18]: 0x0 0 0 0 0 0 0 0 0 0 b 0 0 0 0 0   w: 1.000000




RNUM_19:  Bn:36.000000 NP:1
PO[01]: 0x0 0 0 0 0 0 0 0 0 0 a 0 0 0 0 0 
SO[01]: 0x0 0 0 0 0 0 0 0 0 0 2 0 0 0 0 0   w: 1.000000

PO[02]: 0x0 0 0 0 0 0 0 0 0 0 2 0 0 0 0 0 
SO[02]: 0x0 0 0 0 0 0 0 0 0 0 2 0 0 0 0 0   w: 2.000000

PO[03]: 0x0 0 0 0 0 0 0 0 0 0 2 0 0 0 0 0 
SO[03]: 0x0 0 0 0 0 0 0 0 0 0 2 0 0 0 0 0   w: 2.000000

PO[04]: 0x0 0 0 0 0 0 0 0 0 0 2 0 0 0 0 0 
SO[04]: 0x0 0 0 0 0 0 0 0 0 0 2 0 0 0 0 0   w: 2.000000

PO[05]: 0x0 0 0 0 0 0 0 0 0 0 2 0 0 0 0 0 
SO[05]: 0x0 0 0 0 0 0 0 0 0 0 2 0 0 0 0 0   w: 2.000000

PO[06]: 0x0 0 0 0 0 0 0 0 0 0 2 0 0 0 0 0 
SO[06]: 0x0 0 0 0 0 0 0 0 0 0 2 0 0 0 0 0   w: 2.000000

PO[07]: 0x0 0 0 0 0 0 0 0 0 0 2 0 0 0 0 0 
SO[07]: 0x0 0 0 0 0 0 0 0 0 0 2 0 0 0 0 0   w: 2.000000

PO[08]: 0x0 0 0 0 0 0 0 0 0 0 2 0 0 0 0 0 
SO[08]: 0x0 0 0 0 0 0 0 0 0 0 2 0 0 0 0 0   w: 2.000000

PO[09]: 0x0 0 0 0 0 0 0 0 0 0 2 0 0 0 0 0 
SO[09]: 0x0 0 0 0 0 0 0 0 0 0 2 0 0 0 0 0   w: 2.000000

PO[10]: 0x0 0 0 0 0 0 0 0 0 0 2 0 0 0 0 0 
SO[10]: 0x0 0 0 0 0 0 0 0 0 0 2 0 0 0 0 0   w: 2.000000

PO[11]: 0x0 0 0 0 0 0 0 0 0 0 2 0 0 0 0 0 
SO[11]: 0x0 0 0 0 0 0 0 0 0 0 2 0 0 0 0 0   w: 2.000000

PO[12]: 0x0 0 0 0 0 0 0 0 0 0 2 0 0 0 0 0 
SO[12]: 0x0 0 0 0 0 0 0 0 0 0 2 0 0 0 0 0   w: 2.000000

PO[13]: 0x0 0 0 0 0 0 0 0 0 0 2 0 0 0 0 0 
SO[13]: 0x0 0 0 0 0 0 0 0 0 0 2 0 0 0 0 0   w: 2.000000

PO[14]: 0x0 0 0 0 0 0 0 0 0 0 2 0 0 0 0 0 
SO[14]: 0x0 0 0 0 0 0 0 0 0 0 2 0 0 0 0 0   w: 2.000000

PO[15]: 0x0 0 0 0 0 0 0 0 0 0 2 0 0 0 0 0 
SO[15]: 0x0 0 0 0 0 0 0 0 0 0 2 0 0 0 0 0   w: 2.000000

PO[16]: 0x0 0 0 0 0 0 0 0 0 0 2 0 0 0 0 0 
SO[16]: 0x0 0 0 0 0 0 0 0 0 0 2 0 0 0 0 0   w: 2.000000

PO[17]: 0x0 0 0 0 0 0 0 0 0 0 2 0 0 0 0 0 
SO[17]: 0x0 0 0 0 0 0 0 0 0 0 2 0 0 0 0 0   w: 2.000000

PO[18]: 0x0 0 0 0 0 0 0 0 0 0 2 0 0 0 0 0 
SO[18]: 0x0 0 0 0 0 0 0 0 0 0 2 0 0 0 0 0   w: 2.000000

PO[19]: 0x0 0 0 0 0 0 0 0 0 0 2 0 0 0 0 0 
SO[19]: 0x0 0 0 0 0 0 0 0 0 0 b 0 0 0 0 0   w: 1.000000




RNUM_20:  Bn:38.000000 NP:1
PO[01]: 0x0 0 0 0 0 0 0 0 0 0 a 0 0 0 0 0 
SO[01]: 0x0 0 0 0 0 0 0 0 0 0 2 0 0 0 0 0   w: 1.000000

PO[02]: 0x0 0 0 0 0 0 0 0 0 0 2 0 0 0 0 0 
SO[02]: 0x0 0 0 0 0 0 0 0 0 0 2 0 0 0 0 0   w: 2.000000

PO[03]: 0x0 0 0 0 0 0 0 0 0 0 2 0 0 0 0 0 
SO[03]: 0x0 0 0 0 0 0 0 0 0 0 2 0 0 0 0 0   w: 2.000000

PO[04]: 0x0 0 0 0 0 0 0 0 0 0 2 0 0 0 0 0 
SO[04]: 0x0 0 0 0 0 0 0 0 0 0 2 0 0 0 0 0   w: 2.000000

PO[05]: 0x0 0 0 0 0 0 0 0 0 0 2 0 0 0 0 0 
SO[05]: 0x0 0 0 0 0 0 0 0 0 0 2 0 0 0 0 0   w: 2.000000

PO[06]: 0x0 0 0 0 0 0 0 0 0 0 2 0 0 0 0 0 
SO[06]: 0x0 0 0 0 0 0 0 0 0 0 2 0 0 0 0 0   w: 2.000000

PO[07]: 0x0 0 0 0 0 0 0 0 0 0 2 0 0 0 0 0 
SO[07]: 0x0 0 0 0 0 0 0 0 0 0 2 0 0 0 0 0   w: 2.000000

PO[08]: 0x0 0 0 0 0 0 0 0 0 0 2 0 0 0 0 0 
SO[08]: 0x0 0 0 0 0 0 0 0 0 0 2 0 0 0 0 0   w: 2.000000

PO[09]: 0x0 0 0 0 0 0 0 0 0 0 2 0 0 0 0 0 
SO[09]: 0x0 0 0 0 0 0 0 0 0 0 2 0 0 0 0 0   w: 2.000000

PO[10]: 0x0 0 0 0 0 0 0 0 0 0 2 0 0 0 0 0 
SO[10]: 0x0 0 0 0 0 0 0 0 0 0 2 0 0 0 0 0   w: 2.000000

PO[11]: 0x0 0 0 0 0 0 0 0 0 0 2 0 0 0 0 0 
SO[11]: 0x0 0 0 0 0 0 0 0 0 0 2 0 0 0 0 0   w: 2.000000

PO[12]: 0x0 0 0 0 0 0 0 0 0 0 2 0 0 0 0 0 
SO[12]: 0x0 0 0 0 0 0 0 0 0 0 2 0 0 0 0 0   w: 2.000000

PO[13]: 0x0 0 0 0 0 0 0 0 0 0 2 0 0 0 0 0 
SO[13]: 0x0 0 0 0 0 0 0 0 0 0 2 0 0 0 0 0   w: 2.000000

PO[14]: 0x0 0 0 0 0 0 0 0 0 0 2 0 0 0 0 0 
SO[14]: 0x0 0 0 0 0 0 0 0 0 0 2 0 0 0 0 0   w: 2.000000

PO[15]: 0x0 0 0 0 0 0 0 0 0 0 2 0 0 0 0 0 
SO[15]: 0x0 0 0 0 0 0 0 0 0 0 2 0 0 0 0 0   w: 2.000000

PO[16]: 0x0 0 0 0 0 0 0 0 0 0 2 0 0 0 0 0 
SO[16]: 0x0 0 0 0 0 0 0 0 0 0 2 0 0 0 0 0   w: 2.000000

PO[17]: 0x0 0 0 0 0 0 0 0 0 0 2 0 0 0 0 0 
SO[17]: 0x0 0 0 0 0 0 0 0 0 0 2 0 0 0 0 0   w: 2.000000

PO[18]: 0x0 0 0 0 0 0 0 0 0 0 2 0 0 0 0 0 
SO[18]: 0x0 0 0 0 0 0 0 0 0 0 2 0 0 0 0 0   w: 2.000000

PO[19]: 0x0 0 0 0 0 0 0 0 0 0 2 0 0 0 0 0 
SO[19]: 0x0 0 0 0 0 0 0 0 0 0 2 0 0 0 0 0   w: 2.000000

PO[20]: 0x0 0 0 0 0 0 0 0 0 0 2 0 0 0 0 0 
SO[20]: 0x0 0 0 0 0 0 0 0 0 0 b 0 0 0 0 0   w: 1.000000




RNUM_21:  Bn:40.000000 NP:1
PO[01]: 0x0 0 0 0 0 0 0 0 0 0 a 0 0 0 0 0 
SO[01]: 0x0 0 0 0 0 0 0 0 0 0 2 0 0 0 0 0   w: 1.000000

PO[02]: 0x0 0 0 0 0 0 0 0 0 0 2 0 0 0 0 0 
SO[02]: 0x0 0 0 0 0 0 0 0 0 0 2 0 0 0 0 0   w: 2.000000

PO[03]: 0x0 0 0 0 0 0 0 0 0 0 2 0 0 0 0 0 
SO[03]: 0x0 0 0 0 0 0 0 0 0 0 2 0 0 0 0 0   w: 2.000000

PO[04]: 0x0 0 0 0 0 0 0 0 0 0 2 0 0 0 0 0 
SO[04]: 0x0 0 0 0 0 0 0 0 0 0 2 0 0 0 0 0   w: 2.000000

PO[05]: 0x0 0 0 0 0 0 0 0 0 0 2 0 0 0 0 0 
SO[05]: 0x0 0 0 0 0 0 0 0 0 0 2 0 0 0 0 0   w: 2.000000

PO[06]: 0x0 0 0 0 0 0 0 0 0 0 2 0 0 0 0 0 
SO[06]: 0x0 0 0 0 0 0 0 0 0 0 2 0 0 0 0 0   w: 2.000000

PO[07]: 0x0 0 0 0 0 0 0 0 0 0 2 0 0 0 0 0 
SO[07]: 0x0 0 0 0 0 0 0 0 0 0 2 0 0 0 0 0   w: 2.000000

PO[08]: 0x0 0 0 0 0 0 0 0 0 0 2 0 0 0 0 0 
SO[08]: 0x0 0 0 0 0 0 0 0 0 0 2 0 0 0 0 0   w: 2.000000

PO[09]: 0x0 0 0 0 0 0 0 0 0 0 2 0 0 0 0 0 
SO[09]: 0x0 0 0 0 0 0 0 0 0 0 2 0 0 0 0 0   w: 2.000000

PO[10]: 0x0 0 0 0 0 0 0 0 0 0 2 0 0 0 0 0 
SO[10]: 0x0 0 0 0 0 0 0 0 0 0 2 0 0 0 0 0   w: 2.000000

PO[11]: 0x0 0 0 0 0 0 0 0 0 0 2 0 0 0 0 0 
SO[11]: 0x0 0 0 0 0 0 0 0 0 0 2 0 0 0 0 0   w: 2.000000

PO[12]: 0x0 0 0 0 0 0 0 0 0 0 2 0 0 0 0 0 
SO[12]: 0x0 0 0 0 0 0 0 0 0 0 2 0 0 0 0 0   w: 2.000000

PO[13]: 0x0 0 0 0 0 0 0 0 0 0 2 0 0 0 0 0 
SO[13]: 0x0 0 0 0 0 0 0 0 0 0 2 0 0 0 0 0   w: 2.000000

PO[14]: 0x0 0 0 0 0 0 0 0 0 0 2 0 0 0 0 0 
SO[14]: 0x0 0 0 0 0 0 0 0 0 0 2 0 0 0 0 0   w: 2.000000

PO[15]: 0x0 0 0 0 0 0 0 0 0 0 2 0 0 0 0 0 
SO[15]: 0x0 0 0 0 0 0 0 0 0 0 2 0 0 0 0 0   w: 2.000000

PO[16]: 0x0 0 0 0 0 0 0 0 0 0 2 0 0 0 0 0 
SO[16]: 0x0 0 0 0 0 0 0 0 0 0 2 0 0 0 0 0   w: 2.000000

PO[17]: 0x0 0 0 0 0 0 0 0 0 0 2 0 0 0 0 0 
SO[17]: 0x0 0 0 0 0 0 0 0 0 0 2 0 0 0 0 0   w: 2.000000

PO[18]: 0x0 0 0 0 0 0 0 0 0 0 2 0 0 0 0 0 
SO[18]: 0x0 0 0 0 0 0 0 0 0 0 2 0 0 0 0 0   w: 2.000000

PO[19]: 0x0 0 0 0 0 0 0 0 0 0 2 0 0 0 0 0 
SO[19]: 0x0 0 0 0 0 0 0 0 0 0 2 0 0 0 0 0   w: 2.000000

PO[20]: 0x0 0 0 0 0 0 0 0 0 0 2 0 0 0 0 0 
SO[20]: 0x0 0 0 0 0 0 0 0 0 0 2 0 0 0 0 0   w: 2.000000

PO[21]: 0x0 0 0 0 0 0 0 0 0 0 2 0 0 0 0 0 
SO[21]: 0x0 0 0 0 0 0 0 0 0 0 b 0 0 0 0 0   w: 1.000000




RNUM_22:  Bn:42.000000 NP:1
PO[01]: 0x0 0 0 0 0 0 0 0 0 0 a 0 0 0 0 0 
SO[01]: 0x0 0 0 0 0 0 0 0 0 0 2 0 0 0 0 0   w: 1.000000

PO[02]: 0x0 0 0 0 0 0 0 0 0 0 2 0 0 0 0 0 
SO[02]: 0x0 0 0 0 0 0 0 0 0 0 2 0 0 0 0 0   w: 2.000000

PO[03]: 0x0 0 0 0 0 0 0 0 0 0 2 0 0 0 0 0 
SO[03]: 0x0 0 0 0 0 0 0 0 0 0 2 0 0 0 0 0   w: 2.000000

PO[04]: 0x0 0 0 0 0 0 0 0 0 0 2 0 0 0 0 0 
SO[04]: 0x0 0 0 0 0 0 0 0 0 0 2 0 0 0 0 0   w: 2.000000

PO[05]: 0x0 0 0 0 0 0 0 0 0 0 2 0 0 0 0 0 
SO[05]: 0x0 0 0 0 0 0 0 0 0 0 2 0 0 0 0 0   w: 2.000000

PO[06]: 0x0 0 0 0 0 0 0 0 0 0 2 0 0 0 0 0 
SO[06]: 0x0 0 0 0 0 0 0 0 0 0 2 0 0 0 0 0   w: 2.000000

PO[07]: 0x0 0 0 0 0 0 0 0 0 0 2 0 0 0 0 0 
SO[07]: 0x0 0 0 0 0 0 0 0 0 0 2 0 0 0 0 0   w: 2.000000

PO[08]: 0x0 0 0 0 0 0 0 0 0 0 2 0 0 0 0 0 
SO[08]: 0x0 0 0 0 0 0 0 0 0 0 2 0 0 0 0 0   w: 2.000000

PO[09]: 0x0 0 0 0 0 0 0 0 0 0 2 0 0 0 0 0 
SO[09]: 0x0 0 0 0 0 0 0 0 0 0 2 0 0 0 0 0   w: 2.000000

PO[10]: 0x0 0 0 0 0 0 0 0 0 0 2 0 0 0 0 0 
SO[10]: 0x0 0 0 0 0 0 0 0 0 0 2 0 0 0 0 0   w: 2.000000

PO[11]: 0x0 0 0 0 0 0 0 0 0 0 2 0 0 0 0 0 
SO[11]: 0x0 0 0 0 0 0 0 0 0 0 2 0 0 0 0 0   w: 2.000000

PO[12]: 0x0 0 0 0 0 0 0 0 0 0 2 0 0 0 0 0 
SO[12]: 0x0 0 0 0 0 0 0 0 0 0 2 0 0 0 0 0   w: 2.000000

PO[13]: 0x0 0 0 0 0 0 0 0 0 0 2 0 0 0 0 0 
SO[13]: 0x0 0 0 0 0 0 0 0 0 0 2 0 0 0 0 0   w: 2.000000

PO[14]: 0x0 0 0 0 0 0 0 0 0 0 2 0 0 0 0 0 
SO[14]: 0x0 0 0 0 0 0 0 0 0 0 2 0 0 0 0 0   w: 2.000000

PO[15]: 0x0 0 0 0 0 0 0 0 0 0 2 0 0 0 0 0 
SO[15]: 0x0 0 0 0 0 0 0 0 0 0 2 0 0 0 0 0   w: 2.000000

PO[16]: 0x0 0 0 0 0 0 0 0 0 0 2 0 0 0 0 0 
SO[16]: 0x0 0 0 0 0 0 0 0 0 0 2 0 0 0 0 0   w: 2.000000

PO[17]: 0x0 0 0 0 0 0 0 0 0 0 2 0 0 0 0 0 
SO[17]: 0x0 0 0 0 0 0 0 0 0 0 2 0 0 0 0 0   w: 2.000000

PO[18]: 0x0 0 0 0 0 0 0 0 0 0 2 0 0 0 0 0 
SO[18]: 0x0 0 0 0 0 0 0 0 0 0 2 0 0 0 0 0   w: 2.000000

PO[19]: 0x0 0 0 0 0 0 0 0 0 0 2 0 0 0 0 0 
SO[19]: 0x0 0 0 0 0 0 0 0 0 0 2 0 0 0 0 0   w: 2.000000

PO[20]: 0x0 0 0 0 0 0 0 0 0 0 2 0 0 0 0 0 
SO[20]: 0x0 0 0 0 0 0 0 0 0 0 2 0 0 0 0 0   w: 2.000000

PO[21]: 0x0 0 0 0 0 0 0 0 0 0 2 0 0 0 0 0 
SO[21]: 0x0 0 0 0 0 0 0 0 0 0 2 0 0 0 0 0   w: 2.000000

PO[22]: 0x0 0 0 0 0 0 0 0 0 0 2 0 0 0 0 0 
SO[22]: 0x0 0 0 0 0 0 0 0 0 0 b 0 0 0 0 0   w: 1.000000




RNUM_23:  Bn:44.000000 NP:1
PO[01]: 0x0 0 0 0 0 0 0 0 0 0 a 0 0 0 0 0 
SO[01]: 0x0 0 0 0 0 0 0 0 0 0 2 0 0 0 0 0   w: 1.000000

PO[02]: 0x0 0 0 0 0 0 0 0 0 0 2 0 0 0 0 0 
SO[02]: 0x0 0 0 0 0 0 0 0 0 0 2 0 0 0 0 0   w: 2.000000

PO[03]: 0x0 0 0 0 0 0 0 0 0 0 2 0 0 0 0 0 
SO[03]: 0x0 0 0 0 0 0 0 0 0 0 2 0 0 0 0 0   w: 2.000000

PO[04]: 0x0 0 0 0 0 0 0 0 0 0 2 0 0 0 0 0 
SO[04]: 0x0 0 0 0 0 0 0 0 0 0 2 0 0 0 0 0   w: 2.000000

PO[05]: 0x0 0 0 0 0 0 0 0 0 0 2 0 0 0 0 0 
SO[05]: 0x0 0 0 0 0 0 0 0 0 0 2 0 0 0 0 0   w: 2.000000

PO[06]: 0x0 0 0 0 0 0 0 0 0 0 2 0 0 0 0 0 
SO[06]: 0x0 0 0 0 0 0 0 0 0 0 2 0 0 0 0 0   w: 2.000000

PO[07]: 0x0 0 0 0 0 0 0 0 0 0 2 0 0 0 0 0 
SO[07]: 0x0 0 0 0 0 0 0 0 0 0 2 0 0 0 0 0   w: 2.000000

PO[08]: 0x0 0 0 0 0 0 0 0 0 0 2 0 0 0 0 0 
SO[08]: 0x0 0 0 0 0 0 0 0 0 0 2 0 0 0 0 0   w: 2.000000

PO[09]: 0x0 0 0 0 0 0 0 0 0 0 2 0 0 0 0 0 
SO[09]: 0x0 0 0 0 0 0 0 0 0 0 2 0 0 0 0 0   w: 2.000000

PO[10]: 0x0 0 0 0 0 0 0 0 0 0 2 0 0 0 0 0 
SO[10]: 0x0 0 0 0 0 0 0 0 0 0 2 0 0 0 0 0   w: 2.000000

PO[11]: 0x0 0 0 0 0 0 0 0 0 0 2 0 0 0 0 0 
SO[11]: 0x0 0 0 0 0 0 0 0 0 0 2 0 0 0 0 0   w: 2.000000

PO[12]: 0x0 0 0 0 0 0 0 0 0 0 2 0 0 0 0 0 
SO[12]: 0x0 0 0 0 0 0 0 0 0 0 2 0 0 0 0 0   w: 2.000000

PO[13]: 0x0 0 0 0 0 0 0 0 0 0 2 0 0 0 0 0 
SO[13]: 0x0 0 0 0 0 0 0 0 0 0 2 0 0 0 0 0   w: 2.000000

PO[14]: 0x0 0 0 0 0 0 0 0 0 0 2 0 0 0 0 0 
SO[14]: 0x0 0 0 0 0 0 0 0 0 0 2 0 0 0 0 0   w: 2.000000

PO[15]: 0x0 0 0 0 0 0 0 0 0 0 2 0 0 0 0 0 
SO[15]: 0x0 0 0 0 0 0 0 0 0 0 2 0 0 0 0 0   w: 2.000000

PO[16]: 0x0 0 0 0 0 0 0 0 0 0 2 0 0 0 0 0 
SO[16]: 0x0 0 0 0 0 0 0 0 0 0 2 0 0 0 0 0   w: 2.000000

PO[17]: 0x0 0 0 0 0 0 0 0 0 0 2 0 0 0 0 0 
SO[17]: 0x0 0 0 0 0 0 0 0 0 0 2 0 0 0 0 0   w: 2.000000

PO[18]: 0x0 0 0 0 0 0 0 0 0 0 2 0 0 0 0 0 
SO[18]: 0x0 0 0 0 0 0 0 0 0 0 2 0 0 0 0 0   w: 2.000000

PO[19]: 0x0 0 0 0 0 0 0 0 0 0 2 0 0 0 0 0 
SO[19]: 0x0 0 0 0 0 0 0 0 0 0 2 0 0 0 0 0   w: 2.000000

PO[20]: 0x0 0 0 0 0 0 0 0 0 0 2 0 0 0 0 0 
SO[20]: 0x0 0 0 0 0 0 0 0 0 0 2 0 0 0 0 0   w: 2.000000

PO[21]: 0x0 0 0 0 0 0 0 0 0 0 2 0 0 0 0 0 
SO[21]: 0x0 0 0 0 0 0 0 0 0 0 2 0 0 0 0 0   w: 2.000000

PO[22]: 0x0 0 0 0 0 0 0 0 0 0 2 0 0 0 0 0 
SO[22]: 0x0 0 0 0 0 0 0 0 0 0 2 0 0 0 0 0   w: 2.000000

PO[23]: 0x0 0 0 0 0 0 0 0 0 0 2 0 0 0 0 0 
SO[23]: 0x0 0 0 0 0 0 0 0 0 0 b 0 0 0 0 0   w: 1.000000




RNUM_24:  Bn:46.000000 NP:1
PO[01]: 0x0 0 0 0 0 0 0 0 0 0 a 0 0 0 0 0 
SO[01]: 0x0 0 0 0 0 0 0 0 0 0 2 0 0 0 0 0   w: 1.000000

PO[02]: 0x0 0 0 0 0 0 0 0 0 0 2 0 0 0 0 0 
SO[02]: 0x0 0 0 0 0 0 0 0 0 0 2 0 0 0 0 0   w: 2.000000

PO[03]: 0x0 0 0 0 0 0 0 0 0 0 2 0 0 0 0 0 
SO[03]: 0x0 0 0 0 0 0 0 0 0 0 2 0 0 0 0 0   w: 2.000000

PO[04]: 0x0 0 0 0 0 0 0 0 0 0 2 0 0 0 0 0 
SO[04]: 0x0 0 0 0 0 0 0 0 0 0 2 0 0 0 0 0   w: 2.000000

PO[05]: 0x0 0 0 0 0 0 0 0 0 0 2 0 0 0 0 0 
SO[05]: 0x0 0 0 0 0 0 0 0 0 0 2 0 0 0 0 0   w: 2.000000

PO[06]: 0x0 0 0 0 0 0 0 0 0 0 2 0 0 0 0 0 
SO[06]: 0x0 0 0 0 0 0 0 0 0 0 2 0 0 0 0 0   w: 2.000000

PO[07]: 0x0 0 0 0 0 0 0 0 0 0 2 0 0 0 0 0 
SO[07]: 0x0 0 0 0 0 0 0 0 0 0 2 0 0 0 0 0   w: 2.000000

PO[08]: 0x0 0 0 0 0 0 0 0 0 0 2 0 0 0 0 0 
SO[08]: 0x0 0 0 0 0 0 0 0 0 0 2 0 0 0 0 0   w: 2.000000

PO[09]: 0x0 0 0 0 0 0 0 0 0 0 2 0 0 0 0 0 
SO[09]: 0x0 0 0 0 0 0 0 0 0 0 2 0 0 0 0 0   w: 2.000000

PO[10]: 0x0 0 0 0 0 0 0 0 0 0 2 0 0 0 0 0 
SO[10]: 0x0 0 0 0 0 0 0 0 0 0 2 0 0 0 0 0   w: 2.000000

PO[11]: 0x0 0 0 0 0 0 0 0 0 0 2 0 0 0 0 0 
SO[11]: 0x0 0 0 0 0 0 0 0 0 0 2 0 0 0 0 0   w: 2.000000

PO[12]: 0x0 0 0 0 0 0 0 0 0 0 2 0 0 0 0 0 
SO[12]: 0x0 0 0 0 0 0 0 0 0 0 2 0 0 0 0 0   w: 2.000000

PO[13]: 0x0 0 0 0 0 0 0 0 0 0 2 0 0 0 0 0 
SO[13]: 0x0 0 0 0 0 0 0 0 0 0 2 0 0 0 0 0   w: 2.000000

PO[14]: 0x0 0 0 0 0 0 0 0 0 0 2 0 0 0 0 0 
SO[14]: 0x0 0 0 0 0 0 0 0 0 0 2 0 0 0 0 0   w: 2.000000

PO[15]: 0x0 0 0 0 0 0 0 0 0 0 2 0 0 0 0 0 
SO[15]: 0x0 0 0 0 0 0 0 0 0 0 2 0 0 0 0 0   w: 2.000000

PO[16]: 0x0 0 0 0 0 0 0 0 0 0 2 0 0 0 0 0 
SO[16]: 0x0 0 0 0 0 0 0 0 0 0 2 0 0 0 0 0   w: 2.000000

PO[17]: 0x0 0 0 0 0 0 0 0 0 0 2 0 0 0 0 0 
SO[17]: 0x0 0 0 0 0 0 0 0 0 0 2 0 0 0 0 0   w: 2.000000

PO[18]: 0x0 0 0 0 0 0 0 0 0 0 2 0 0 0 0 0 
SO[18]: 0x0 0 0 0 0 0 0 0 0 0 2 0 0 0 0 0   w: 2.000000

PO[19]: 0x0 0 0 0 0 0 0 0 0 0 2 0 0 0 0 0 
SO[19]: 0x0 0 0 0 0 0 0 0 0 0 2 0 0 0 0 0   w: 2.000000

PO[20]: 0x0 0 0 0 0 0 0 0 0 0 2 0 0 0 0 0 
SO[20]: 0x0 0 0 0 0 0 0 0 0 0 2 0 0 0 0 0   w: 2.000000

PO[21]: 0x0 0 0 0 0 0 0 0 0 0 2 0 0 0 0 0 
SO[21]: 0x0 0 0 0 0 0 0 0 0 0 2 0 0 0 0 0   w: 2.000000

PO[22]: 0x0 0 0 0 0 0 0 0 0 0 2 0 0 0 0 0 
SO[22]: 0x0 0 0 0 0 0 0 0 0 0 2 0 0 0 0 0   w: 2.000000

PO[23]: 0x0 0 0 0 0 0 0 0 0 0 2 0 0 0 0 0 
SO[23]: 0x0 0 0 0 0 0 0 0 0 0 2 0 0 0 0 0   w: 2.000000

PO[24]: 0x0 0 0 0 0 0 0 0 0 0 2 0 0 0 0 0 
SO[24]: 0x0 0 0 0 0 0 0 0 0 0 b 0 0 0 0 0   w: 1.000000




RNUM_25:  Bn:48.000000 NP:1
PO[01]: 0x0 0 0 0 0 0 0 0 0 0 a 0 0 0 0 0 
SO[01]: 0x0 0 0 0 0 0 0 0 0 0 2 0 0 0 0 0   w: 1.000000

PO[02]: 0x0 0 0 0 0 0 0 0 0 0 2 0 0 0 0 0 
SO[02]: 0x0 0 0 0 0 0 0 0 0 0 2 0 0 0 0 0   w: 2.000000

PO[03]: 0x0 0 0 0 0 0 0 0 0 0 2 0 0 0 0 0 
SO[03]: 0x0 0 0 0 0 0 0 0 0 0 2 0 0 0 0 0   w: 2.000000

PO[04]: 0x0 0 0 0 0 0 0 0 0 0 2 0 0 0 0 0 
SO[04]: 0x0 0 0 0 0 0 0 0 0 0 2 0 0 0 0 0   w: 2.000000

PO[05]: 0x0 0 0 0 0 0 0 0 0 0 2 0 0 0 0 0 
SO[05]: 0x0 0 0 0 0 0 0 0 0 0 2 0 0 0 0 0   w: 2.000000

PO[06]: 0x0 0 0 0 0 0 0 0 0 0 2 0 0 0 0 0 
SO[06]: 0x0 0 0 0 0 0 0 0 0 0 2 0 0 0 0 0   w: 2.000000

PO[07]: 0x0 0 0 0 0 0 0 0 0 0 2 0 0 0 0 0 
SO[07]: 0x0 0 0 0 0 0 0 0 0 0 2 0 0 0 0 0   w: 2.000000

PO[08]: 0x0 0 0 0 0 0 0 0 0 0 2 0 0 0 0 0 
SO[08]: 0x0 0 0 0 0 0 0 0 0 0 2 0 0 0 0 0   w: 2.000000

PO[09]: 0x0 0 0 0 0 0 0 0 0 0 2 0 0 0 0 0 
SO[09]: 0x0 0 0 0 0 0 0 0 0 0 2 0 0 0 0 0   w: 2.000000

PO[10]: 0x0 0 0 0 0 0 0 0 0 0 2 0 0 0 0 0 
SO[10]: 0x0 0 0 0 0 0 0 0 0 0 2 0 0 0 0 0   w: 2.000000

PO[11]: 0x0 0 0 0 0 0 0 0 0 0 2 0 0 0 0 0 
SO[11]: 0x0 0 0 0 0 0 0 0 0 0 2 0 0 0 0 0   w: 2.000000

PO[12]: 0x0 0 0 0 0 0 0 0 0 0 2 0 0 0 0 0 
SO[12]: 0x0 0 0 0 0 0 0 0 0 0 2 0 0 0 0 0   w: 2.000000

PO[13]: 0x0 0 0 0 0 0 0 0 0 0 2 0 0 0 0 0 
SO[13]: 0x0 0 0 0 0 0 0 0 0 0 2 0 0 0 0 0   w: 2.000000

PO[14]: 0x0 0 0 0 0 0 0 0 0 0 2 0 0 0 0 0 
SO[14]: 0x0 0 0 0 0 0 0 0 0 0 2 0 0 0 0 0   w: 2.000000

PO[15]: 0x0 0 0 0 0 0 0 0 0 0 2 0 0 0 0 0 
SO[15]: 0x0 0 0 0 0 0 0 0 0 0 2 0 0 0 0 0   w: 2.000000

PO[16]: 0x0 0 0 0 0 0 0 0 0 0 2 0 0 0 0 0 
SO[16]: 0x0 0 0 0 0 0 0 0 0 0 2 0 0 0 0 0   w: 2.000000

PO[17]: 0x0 0 0 0 0 0 0 0 0 0 2 0 0 0 0 0 
SO[17]: 0x0 0 0 0 0 0 0 0 0 0 2 0 0 0 0 0   w: 2.000000

PO[18]: 0x0 0 0 0 0 0 0 0 0 0 2 0 0 0 0 0 
SO[18]: 0x0 0 0 0 0 0 0 0 0 0 2 0 0 0 0 0   w: 2.000000

PO[19]: 0x0 0 0 0 0 0 0 0 0 0 2 0 0 0 0 0 
SO[19]: 0x0 0 0 0 0 0 0 0 0 0 2 0 0 0 0 0   w: 2.000000

PO[20]: 0x0 0 0 0 0 0 0 0 0 0 2 0 0 0 0 0 
SO[20]: 0x0 0 0 0 0 0 0 0 0 0 2 0 0 0 0 0   w: 2.000000

PO[21]: 0x0 0 0 0 0 0 0 0 0 0 2 0 0 0 0 0 
SO[21]: 0x0 0 0 0 0 0 0 0 0 0 2 0 0 0 0 0   w: 2.000000

PO[22]: 0x0 0 0 0 0 0 0 0 0 0 2 0 0 0 0 0 
SO[22]: 0x0 0 0 0 0 0 0 0 0 0 2 0 0 0 0 0   w: 2.000000

PO[23]: 0x0 0 0 0 0 0 0 0 0 0 2 0 0 0 0 0 
SO[23]: 0x0 0 0 0 0 0 0 0 0 0 2 0 0 0 0 0   w: 2.000000

PO[24]: 0x0 0 0 0 0 0 0 0 0 0 2 0 0 0 0 0 
SO[24]: 0x0 0 0 0 0 0 0 0 0 0 2 0 0 0 0 0   w: 2.000000

PO[25]: 0x0 0 0 0 0 0 0 0 0 0 2 0 0 0 0 0 
SO[25]: 0x0 0 0 0 0 0 0 0 0 0 b 0 0 0 0 0   w: 1.000000




RNUM_26:  Bn:50.000000 NP:1
PO[01]: 0x0 0 0 0 0 0 0 0 0 0 a 0 0 0 0 0 
SO[01]: 0x0 0 0 0 0 0 0 0 0 0 2 0 0 0 0 0   w: 1.000000

PO[02]: 0x0 0 0 0 0 0 0 0 0 0 2 0 0 0 0 0 
SO[02]: 0x0 0 0 0 0 0 0 0 0 0 2 0 0 0 0 0   w: 2.000000

PO[03]: 0x0 0 0 0 0 0 0 0 0 0 2 0 0 0 0 0 
SO[03]: 0x0 0 0 0 0 0 0 0 0 0 2 0 0 0 0 0   w: 2.000000

PO[04]: 0x0 0 0 0 0 0 0 0 0 0 2 0 0 0 0 0 
SO[04]: 0x0 0 0 0 0 0 0 0 0 0 2 0 0 0 0 0   w: 2.000000

PO[05]: 0x0 0 0 0 0 0 0 0 0 0 2 0 0 0 0 0 
SO[05]: 0x0 0 0 0 0 0 0 0 0 0 2 0 0 0 0 0   w: 2.000000

PO[06]: 0x0 0 0 0 0 0 0 0 0 0 2 0 0 0 0 0 
SO[06]: 0x0 0 0 0 0 0 0 0 0 0 2 0 0 0 0 0   w: 2.000000

PO[07]: 0x0 0 0 0 0 0 0 0 0 0 2 0 0 0 0 0 
SO[07]: 0x0 0 0 0 0 0 0 0 0 0 2 0 0 0 0 0   w: 2.000000

PO[08]: 0x0 0 0 0 0 0 0 0 0 0 2 0 0 0 0 0 
SO[08]: 0x0 0 0 0 0 0 0 0 0 0 2 0 0 0 0 0   w: 2.000000

PO[09]: 0x0 0 0 0 0 0 0 0 0 0 2 0 0 0 0 0 
SO[09]: 0x0 0 0 0 0 0 0 0 0 0 2 0 0 0 0 0   w: 2.000000

PO[10]: 0x0 0 0 0 0 0 0 0 0 0 2 0 0 0 0 0 
SO[10]: 0x0 0 0 0 0 0 0 0 0 0 2 0 0 0 0 0   w: 2.000000

PO[11]: 0x0 0 0 0 0 0 0 0 0 0 2 0 0 0 0 0 
SO[11]: 0x0 0 0 0 0 0 0 0 0 0 2 0 0 0 0 0   w: 2.000000

PO[12]: 0x0 0 0 0 0 0 0 0 0 0 2 0 0 0 0 0 
SO[12]: 0x0 0 0 0 0 0 0 0 0 0 2 0 0 0 0 0   w: 2.000000

PO[13]: 0x0 0 0 0 0 0 0 0 0 0 2 0 0 0 0 0 
SO[13]: 0x0 0 0 0 0 0 0 0 0 0 2 0 0 0 0 0   w: 2.000000

PO[14]: 0x0 0 0 0 0 0 0 0 0 0 2 0 0 0 0 0 
SO[14]: 0x0 0 0 0 0 0 0 0 0 0 2 0 0 0 0 0   w: 2.000000

PO[15]: 0x0 0 0 0 0 0 0 0 0 0 2 0 0 0 0 0 
SO[15]: 0x0 0 0 0 0 0 0 0 0 0 2 0 0 0 0 0   w: 2.000000

PO[16]: 0x0 0 0 0 0 0 0 0 0 0 2 0 0 0 0 0 
SO[16]: 0x0 0 0 0 0 0 0 0 0 0 2 0 0 0 0 0   w: 2.000000

PO[17]: 0x0 0 0 0 0 0 0 0 0 0 2 0 0 0 0 0 
SO[17]: 0x0 0 0 0 0 0 0 0 0 0 2 0 0 0 0 0   w: 2.000000

PO[18]: 0x0 0 0 0 0 0 0 0 0 0 2 0 0 0 0 0 
SO[18]: 0x0 0 0 0 0 0 0 0 0 0 2 0 0 0 0 0   w: 2.000000

PO[19]: 0x0 0 0 0 0 0 0 0 0 0 2 0 0 0 0 0 
SO[19]: 0x0 0 0 0 0 0 0 0 0 0 2 0 0 0 0 0   w: 2.000000

PO[20]: 0x0 0 0 0 0 0 0 0 0 0 2 0 0 0 0 0 
SO[20]: 0x0 0 0 0 0 0 0 0 0 0 2 0 0 0 0 0   w: 2.000000

PO[21]: 0x0 0 0 0 0 0 0 0 0 0 2 0 0 0 0 0 
SO[21]: 0x0 0 0 0 0 0 0 0 0 0 2 0 0 0 0 0   w: 2.000000

PO[22]: 0x0 0 0 0 0 0 0 0 0 0 2 0 0 0 0 0 
SO[22]: 0x0 0 0 0 0 0 0 0 0 0 2 0 0 0 0 0   w: 2.000000

PO[23]: 0x0 0 0 0 0 0 0 0 0 0 2 0 0 0 0 0 
SO[23]: 0x0 0 0 0 0 0 0 0 0 0 2 0 0 0 0 0   w: 2.000000

PO[24]: 0x0 0 0 0 0 0 0 0 0 0 2 0 0 0 0 0 
SO[24]: 0x0 0 0 0 0 0 0 0 0 0 2 0 0 0 0 0   w: 2.000000

PO[25]: 0x0 0 0 0 0 0 0 0 0 0 2 0 0 0 0 0 
SO[25]: 0x0 0 0 0 0 0 0 0 0 0 2 0 0 0 0 0   w: 2.000000

PO[26]: 0x0 0 0 0 0 0 0 0 0 0 2 0 0 0 0 0 
SO[26]: 0x0 0 0 0 0 0 0 0 0 0 b 0 0 0 0 0   w: 1.000000




RNUM_27:  Bn:52.000000 NP:1
PO[01]: 0x0 0 0 0 0 0 0 0 0 0 a 0 0 0 0 0 
SO[01]: 0x0 0 0 0 0 0 0 0 0 0 2 0 0 0 0 0   w: 1.000000

PO[02]: 0x0 0 0 0 0 0 0 0 0 0 2 0 0 0 0 0 
SO[02]: 0x0 0 0 0 0 0 0 0 0 0 2 0 0 0 0 0   w: 2.000000

PO[03]: 0x0 0 0 0 0 0 0 0 0 0 2 0 0 0 0 0 
SO[03]: 0x0 0 0 0 0 0 0 0 0 0 2 0 0 0 0 0   w: 2.000000

PO[04]: 0x0 0 0 0 0 0 0 0 0 0 2 0 0 0 0 0 
SO[04]: 0x0 0 0 0 0 0 0 0 0 0 2 0 0 0 0 0   w: 2.000000

PO[05]: 0x0 0 0 0 0 0 0 0 0 0 2 0 0 0 0 0 
SO[05]: 0x0 0 0 0 0 0 0 0 0 0 2 0 0 0 0 0   w: 2.000000

PO[06]: 0x0 0 0 0 0 0 0 0 0 0 2 0 0 0 0 0 
SO[06]: 0x0 0 0 0 0 0 0 0 0 0 2 0 0 0 0 0   w: 2.000000

PO[07]: 0x0 0 0 0 0 0 0 0 0 0 2 0 0 0 0 0 
SO[07]: 0x0 0 0 0 0 0 0 0 0 0 2 0 0 0 0 0   w: 2.000000

PO[08]: 0x0 0 0 0 0 0 0 0 0 0 2 0 0 0 0 0 
SO[08]: 0x0 0 0 0 0 0 0 0 0 0 2 0 0 0 0 0   w: 2.000000

PO[09]: 0x0 0 0 0 0 0 0 0 0 0 2 0 0 0 0 0 
SO[09]: 0x0 0 0 0 0 0 0 0 0 0 2 0 0 0 0 0   w: 2.000000

PO[10]: 0x0 0 0 0 0 0 0 0 0 0 2 0 0 0 0 0 
SO[10]: 0x0 0 0 0 0 0 0 0 0 0 2 0 0 0 0 0   w: 2.000000

PO[11]: 0x0 0 0 0 0 0 0 0 0 0 2 0 0 0 0 0 
SO[11]: 0x0 0 0 0 0 0 0 0 0 0 2 0 0 0 0 0   w: 2.000000

PO[12]: 0x0 0 0 0 0 0 0 0 0 0 2 0 0 0 0 0 
SO[12]: 0x0 0 0 0 0 0 0 0 0 0 2 0 0 0 0 0   w: 2.000000

PO[13]: 0x0 0 0 0 0 0 0 0 0 0 2 0 0 0 0 0 
SO[13]: 0x0 0 0 0 0 0 0 0 0 0 2 0 0 0 0 0   w: 2.000000

PO[14]: 0x0 0 0 0 0 0 0 0 0 0 2 0 0 0 0 0 
SO[14]: 0x0 0 0 0 0 0 0 0 0 0 2 0 0 0 0 0   w: 2.000000

PO[15]: 0x0 0 0 0 0 0 0 0 0 0 2 0 0 0 0 0 
SO[15]: 0x0 0 0 0 0 0 0 0 0 0 2 0 0 0 0 0   w: 2.000000

PO[16]: 0x0 0 0 0 0 0 0 0 0 0 2 0 0 0 0 0 
SO[16]: 0x0 0 0 0 0 0 0 0 0 0 2 0 0 0 0 0   w: 2.000000

PO[17]: 0x0 0 0 0 0 0 0 0 0 0 2 0 0 0 0 0 
SO[17]: 0x0 0 0 0 0 0 0 0 0 0 2 0 0 0 0 0   w: 2.000000

PO[18]: 0x0 0 0 0 0 0 0 0 0 0 2 0 0 0 0 0 
SO[18]: 0x0 0 0 0 0 0 0 0 0 0 2 0 0 0 0 0   w: 2.000000

PO[19]: 0x0 0 0 0 0 0 0 0 0 0 2 0 0 0 0 0 
SO[19]: 0x0 0 0 0 0 0 0 0 0 0 2 0 0 0 0 0   w: 2.000000

PO[20]: 0x0 0 0 0 0 0 0 0 0 0 2 0 0 0 0 0 
SO[20]: 0x0 0 0 0 0 0 0 0 0 0 2 0 0 0 0 0   w: 2.000000

PO[21]: 0x0 0 0 0 0 0 0 0 0 0 2 0 0 0 0 0 
SO[21]: 0x0 0 0 0 0 0 0 0 0 0 2 0 0 0 0 0   w: 2.000000

PO[22]: 0x0 0 0 0 0 0 0 0 0 0 2 0 0 0 0 0 
SO[22]: 0x0 0 0 0 0 0 0 0 0 0 2 0 0 0 0 0   w: 2.000000

PO[23]: 0x0 0 0 0 0 0 0 0 0 0 2 0 0 0 0 0 
SO[23]: 0x0 0 0 0 0 0 0 0 0 0 2 0 0 0 0 0   w: 2.000000

PO[24]: 0x0 0 0 0 0 0 0 0 0 0 2 0 0 0 0 0 
SO[24]: 0x0 0 0 0 0 0 0 0 0 0 2 0 0 0 0 0   w: 2.000000

PO[25]: 0x0 0 0 0 0 0 0 0 0 0 2 0 0 0 0 0 
SO[25]: 0x0 0 0 0 0 0 0 0 0 0 2 0 0 0 0 0   w: 2.000000

PO[26]: 0x0 0 0 0 0 0 0 0 0 0 2 0 0 0 0 0 
SO[26]: 0x0 0 0 0 0 0 0 0 0 0 2 0 0 0 0 0   w: 2.000000

PO[27]: 0x0 0 0 0 0 0 0 0 0 0 2 0 0 0 0 0 
SO[27]: 0x0 0 0 0 0 0 0 0 0 0 b 0 0 0 0 0   w: 1.000000




RNUM_28:  Bn:54.000000 NP:1
PO[01]: 0x0 0 0 0 0 0 0 0 0 0 a 0 0 0 0 0 
SO[01]: 0x0 0 0 0 0 0 0 0 0 0 2 0 0 0 0 0   w: 1.000000

PO[02]: 0x0 0 0 0 0 0 0 0 0 0 2 0 0 0 0 0 
SO[02]: 0x0 0 0 0 0 0 0 0 0 0 2 0 0 0 0 0   w: 2.000000

PO[03]: 0x0 0 0 0 0 0 0 0 0 0 2 0 0 0 0 0 
SO[03]: 0x0 0 0 0 0 0 0 0 0 0 2 0 0 0 0 0   w: 2.000000

PO[04]: 0x0 0 0 0 0 0 0 0 0 0 2 0 0 0 0 0 
SO[04]: 0x0 0 0 0 0 0 0 0 0 0 2 0 0 0 0 0   w: 2.000000

PO[05]: 0x0 0 0 0 0 0 0 0 0 0 2 0 0 0 0 0 
SO[05]: 0x0 0 0 0 0 0 0 0 0 0 2 0 0 0 0 0   w: 2.000000

PO[06]: 0x0 0 0 0 0 0 0 0 0 0 2 0 0 0 0 0 
SO[06]: 0x0 0 0 0 0 0 0 0 0 0 2 0 0 0 0 0   w: 2.000000

PO[07]: 0x0 0 0 0 0 0 0 0 0 0 2 0 0 0 0 0 
SO[07]: 0x0 0 0 0 0 0 0 0 0 0 2 0 0 0 0 0   w: 2.000000

PO[08]: 0x0 0 0 0 0 0 0 0 0 0 2 0 0 0 0 0 
SO[08]: 0x0 0 0 0 0 0 0 0 0 0 2 0 0 0 0 0   w: 2.000000

PO[09]: 0x0 0 0 0 0 0 0 0 0 0 2 0 0 0 0 0 
SO[09]: 0x0 0 0 0 0 0 0 0 0 0 2 0 0 0 0 0   w: 2.000000

PO[10]: 0x0 0 0 0 0 0 0 0 0 0 2 0 0 0 0 0 
SO[10]: 0x0 0 0 0 0 0 0 0 0 0 2 0 0 0 0 0   w: 2.000000

PO[11]: 0x0 0 0 0 0 0 0 0 0 0 2 0 0 0 0 0 
SO[11]: 0x0 0 0 0 0 0 0 0 0 0 2 0 0 0 0 0   w: 2.000000

PO[12]: 0x0 0 0 0 0 0 0 0 0 0 2 0 0 0 0 0 
SO[12]: 0x0 0 0 0 0 0 0 0 0 0 2 0 0 0 0 0   w: 2.000000

PO[13]: 0x0 0 0 0 0 0 0 0 0 0 2 0 0 0 0 0 
SO[13]: 0x0 0 0 0 0 0 0 0 0 0 2 0 0 0 0 0   w: 2.000000

PO[14]: 0x0 0 0 0 0 0 0 0 0 0 2 0 0 0 0 0 
SO[14]: 0x0 0 0 0 0 0 0 0 0 0 2 0 0 0 0 0   w: 2.000000

PO[15]: 0x0 0 0 0 0 0 0 0 0 0 2 0 0 0 0 0 
SO[15]: 0x0 0 0 0 0 0 0 0 0 0 2 0 0 0 0 0   w: 2.000000

PO[16]: 0x0 0 0 0 0 0 0 0 0 0 2 0 0 0 0 0 
SO[16]: 0x0 0 0 0 0 0 0 0 0 0 2 0 0 0 0 0   w: 2.000000

PO[17]: 0x0 0 0 0 0 0 0 0 0 0 2 0 0 0 0 0 
SO[17]: 0x0 0 0 0 0 0 0 0 0 0 2 0 0 0 0 0   w: 2.000000

PO[18]: 0x0 0 0 0 0 0 0 0 0 0 2 0 0 0 0 0 
SO[18]: 0x0 0 0 0 0 0 0 0 0 0 2 0 0 0 0 0   w: 2.000000

PO[19]: 0x0 0 0 0 0 0 0 0 0 0 2 0 0 0 0 0 
SO[19]: 0x0 0 0 0 0 0 0 0 0 0 2 0 0 0 0 0   w: 2.000000

PO[20]: 0x0 0 0 0 0 0 0 0 0 0 2 0 0 0 0 0 
SO[20]: 0x0 0 0 0 0 0 0 0 0 0 2 0 0 0 0 0   w: 2.000000

PO[21]: 0x0 0 0 0 0 0 0 0 0 0 2 0 0 0 0 0 
SO[21]: 0x0 0 0 0 0 0 0 0 0 0 2 0 0 0 0 0   w: 2.000000

PO[22]: 0x0 0 0 0 0 0 0 0 0 0 2 0 0 0 0 0 
SO[22]: 0x0 0 0 0 0 0 0 0 0 0 2 0 0 0 0 0   w: 2.000000

PO[23]: 0x0 0 0 0 0 0 0 0 0 0 2 0 0 0 0 0 
SO[23]: 0x0 0 0 0 0 0 0 0 0 0 2 0 0 0 0 0   w: 2.000000

PO[24]: 0x0 0 0 0 0 0 0 0 0 0 2 0 0 0 0 0 
SO[24]: 0x0 0 0 0 0 0 0 0 0 0 2 0 0 0 0 0   w: 2.000000

PO[25]: 0x0 0 0 0 0 0 0 0 0 0 2 0 0 0 0 0 
SO[25]: 0x0 0 0 0 0 0 0 0 0 0 2 0 0 0 0 0   w: 2.000000

PO[26]: 0x0 0 0 0 0 0 0 0 0 0 2 0 0 0 0 0 
SO[26]: 0x0 0 0 0 0 0 0 0 0 0 2 0 0 0 0 0   w: 2.000000

PO[27]: 0x0 0 0 0 0 0 0 0 0 0 2 0 0 0 0 0 
SO[27]: 0x0 0 0 0 0 0 0 0 0 0 2 0 0 0 0 0   w: 2.000000

PO[28]: 0x0 0 0 0 0 0 0 0 0 0 2 0 0 0 0 0 
SO[28]: 0x0 0 0 0 0 0 0 0 0 0 b 0 0 0 0 0   w: 1.000000




RNUM_29:  Bn:56.000000 NP:1
PO[01]: 0x0 0 0 0 0 0 0 0 0 0 a 0 0 0 0 0 
SO[01]: 0x0 0 0 0 0 0 0 0 0 0 2 0 0 0 0 0   w: 1.000000

PO[02]: 0x0 0 0 0 0 0 0 0 0 0 2 0 0 0 0 0 
SO[02]: 0x0 0 0 0 0 0 0 0 0 0 2 0 0 0 0 0   w: 2.000000

PO[03]: 0x0 0 0 0 0 0 0 0 0 0 2 0 0 0 0 0 
SO[03]: 0x0 0 0 0 0 0 0 0 0 0 2 0 0 0 0 0   w: 2.000000

PO[04]: 0x0 0 0 0 0 0 0 0 0 0 2 0 0 0 0 0 
SO[04]: 0x0 0 0 0 0 0 0 0 0 0 2 0 0 0 0 0   w: 2.000000

PO[05]: 0x0 0 0 0 0 0 0 0 0 0 2 0 0 0 0 0 
SO[05]: 0x0 0 0 0 0 0 0 0 0 0 2 0 0 0 0 0   w: 2.000000

PO[06]: 0x0 0 0 0 0 0 0 0 0 0 2 0 0 0 0 0 
SO[06]: 0x0 0 0 0 0 0 0 0 0 0 2 0 0 0 0 0   w: 2.000000

PO[07]: 0x0 0 0 0 0 0 0 0 0 0 2 0 0 0 0 0 
SO[07]: 0x0 0 0 0 0 0 0 0 0 0 2 0 0 0 0 0   w: 2.000000

PO[08]: 0x0 0 0 0 0 0 0 0 0 0 2 0 0 0 0 0 
SO[08]: 0x0 0 0 0 0 0 0 0 0 0 2 0 0 0 0 0   w: 2.000000

PO[09]: 0x0 0 0 0 0 0 0 0 0 0 2 0 0 0 0 0 
SO[09]: 0x0 0 0 0 0 0 0 0 0 0 2 0 0 0 0 0   w: 2.000000

PO[10]: 0x0 0 0 0 0 0 0 0 0 0 2 0 0 0 0 0 
SO[10]: 0x0 0 0 0 0 0 0 0 0 0 2 0 0 0 0 0   w: 2.000000

PO[11]: 0x0 0 0 0 0 0 0 0 0 0 2 0 0 0 0 0 
SO[11]: 0x0 0 0 0 0 0 0 0 0 0 2 0 0 0 0 0   w: 2.000000

PO[12]: 0x0 0 0 0 0 0 0 0 0 0 2 0 0 0 0 0 
SO[12]: 0x0 0 0 0 0 0 0 0 0 0 2 0 0 0 0 0   w: 2.000000

PO[13]: 0x0 0 0 0 0 0 0 0 0 0 2 0 0 0 0 0 
SO[13]: 0x0 0 0 0 0 0 0 0 0 0 2 0 0 0 0 0   w: 2.000000

PO[14]: 0x0 0 0 0 0 0 0 0 0 0 2 0 0 0 0 0 
SO[14]: 0x0 0 0 0 0 0 0 0 0 0 2 0 0 0 0 0   w: 2.000000

PO[15]: 0x0 0 0 0 0 0 0 0 0 0 2 0 0 0 0 0 
SO[15]: 0x0 0 0 0 0 0 0 0 0 0 2 0 0 0 0 0   w: 2.000000

PO[16]: 0x0 0 0 0 0 0 0 0 0 0 2 0 0 0 0 0 
SO[16]: 0x0 0 0 0 0 0 0 0 0 0 2 0 0 0 0 0   w: 2.000000

PO[17]: 0x0 0 0 0 0 0 0 0 0 0 2 0 0 0 0 0 
SO[17]: 0x0 0 0 0 0 0 0 0 0 0 2 0 0 0 0 0   w: 2.000000

PO[18]: 0x0 0 0 0 0 0 0 0 0 0 2 0 0 0 0 0 
SO[18]: 0x0 0 0 0 0 0 0 0 0 0 2 0 0 0 0 0   w: 2.000000

PO[19]: 0x0 0 0 0 0 0 0 0 0 0 2 0 0 0 0 0 
SO[19]: 0x0 0 0 0 0 0 0 0 0 0 2 0 0 0 0 0   w: 2.000000

PO[20]: 0x0 0 0 0 0 0 0 0 0 0 2 0 0 0 0 0 
SO[20]: 0x0 0 0 0 0 0 0 0 0 0 2 0 0 0 0 0   w: 2.000000

PO[21]: 0x0 0 0 0 0 0 0 0 0 0 2 0 0 0 0 0 
SO[21]: 0x0 0 0 0 0 0 0 0 0 0 2 0 0 0 0 0   w: 2.000000

PO[22]: 0x0 0 0 0 0 0 0 0 0 0 2 0 0 0 0 0 
SO[22]: 0x0 0 0 0 0 0 0 0 0 0 2 0 0 0 0 0   w: 2.000000

PO[23]: 0x0 0 0 0 0 0 0 0 0 0 2 0 0 0 0 0 
SO[23]: 0x0 0 0 0 0 0 0 0 0 0 2 0 0 0 0 0   w: 2.000000

PO[24]: 0x0 0 0 0 0 0 0 0 0 0 2 0 0 0 0 0 
SO[24]: 0x0 0 0 0 0 0 0 0 0 0 2 0 0 0 0 0   w: 2.000000

PO[25]: 0x0 0 0 0 0 0 0 0 0 0 2 0 0 0 0 0 
SO[25]: 0x0 0 0 0 0 0 0 0 0 0 2 0 0 0 0 0   w: 2.000000

PO[26]: 0x0 0 0 0 0 0 0 0 0 0 2 0 0 0 0 0 
SO[26]: 0x0 0 0 0 0 0 0 0 0 0 2 0 0 0 0 0   w: 2.000000

PO[27]: 0x0 0 0 0 0 0 0 0 0 0 2 0 0 0 0 0 
SO[27]: 0x0 0 0 0 0 0 0 0 0 0 2 0 0 0 0 0   w: 2.000000

PO[28]: 0x0 0 0 0 0 0 0 0 0 0 2 0 0 0 0 0 
SO[28]: 0x0 0 0 0 0 0 0 0 0 0 2 0 0 0 0 0   w: 2.000000

PO[29]: 0x0 0 0 0 0 0 0 0 0 0 2 0 0 0 0 0 
SO[29]: 0x0 0 0 0 0 0 0 0 0 0 b 0 0 0 0 0   w: 1.000000




RNUM_30:  Bn:58.000000 NP:1
PO[01]: 0x0 0 0 0 0 0 0 0 0 0 a 0 0 0 0 0 
SO[01]: 0x0 0 0 0 0 0 0 0 0 0 2 0 0 0 0 0   w: 1.000000

PO[02]: 0x0 0 0 0 0 0 0 0 0 0 2 0 0 0 0 0 
SO[02]: 0x0 0 0 0 0 0 0 0 0 0 2 0 0 0 0 0   w: 2.000000

PO[03]: 0x0 0 0 0 0 0 0 0 0 0 2 0 0 0 0 0 
SO[03]: 0x0 0 0 0 0 0 0 0 0 0 2 0 0 0 0 0   w: 2.000000

PO[04]: 0x0 0 0 0 0 0 0 0 0 0 2 0 0 0 0 0 
SO[04]: 0x0 0 0 0 0 0 0 0 0 0 2 0 0 0 0 0   w: 2.000000

PO[05]: 0x0 0 0 0 0 0 0 0 0 0 2 0 0 0 0 0 
SO[05]: 0x0 0 0 0 0 0 0 0 0 0 2 0 0 0 0 0   w: 2.000000

PO[06]: 0x0 0 0 0 0 0 0 0 0 0 2 0 0 0 0 0 
SO[06]: 0x0 0 0 0 0 0 0 0 0 0 2 0 0 0 0 0   w: 2.000000

PO[07]: 0x0 0 0 0 0 0 0 0 0 0 2 0 0 0 0 0 
SO[07]: 0x0 0 0 0 0 0 0 0 0 0 2 0 0 0 0 0   w: 2.000000

PO[08]: 0x0 0 0 0 0 0 0 0 0 0 2 0 0 0 0 0 
SO[08]: 0x0 0 0 0 0 0 0 0 0 0 2 0 0 0 0 0   w: 2.000000

PO[09]: 0x0 0 0 0 0 0 0 0 0 0 2 0 0 0 0 0 
SO[09]: 0x0 0 0 0 0 0 0 0 0 0 2 0 0 0 0 0   w: 2.000000

PO[10]: 0x0 0 0 0 0 0 0 0 0 0 2 0 0 0 0 0 
SO[10]: 0x0 0 0 0 0 0 0 0 0 0 2 0 0 0 0 0   w: 2.000000

PO[11]: 0x0 0 0 0 0 0 0 0 0 0 2 0 0 0 0 0 
SO[11]: 0x0 0 0 0 0 0 0 0 0 0 2 0 0 0 0 0   w: 2.000000

PO[12]: 0x0 0 0 0 0 0 0 0 0 0 2 0 0 0 0 0 
SO[12]: 0x0 0 0 0 0 0 0 0 0 0 2 0 0 0 0 0   w: 2.000000

PO[13]: 0x0 0 0 0 0 0 0 0 0 0 2 0 0 0 0 0 
SO[13]: 0x0 0 0 0 0 0 0 0 0 0 2 0 0 0 0 0   w: 2.000000

PO[14]: 0x0 0 0 0 0 0 0 0 0 0 2 0 0 0 0 0 
SO[14]: 0x0 0 0 0 0 0 0 0 0 0 2 0 0 0 0 0   w: 2.000000

PO[15]: 0x0 0 0 0 0 0 0 0 0 0 2 0 0 0 0 0 
SO[15]: 0x0 0 0 0 0 0 0 0 0 0 2 0 0 0 0 0   w: 2.000000

PO[16]: 0x0 0 0 0 0 0 0 0 0 0 2 0 0 0 0 0 
SO[16]: 0x0 0 0 0 0 0 0 0 0 0 2 0 0 0 0 0   w: 2.000000

PO[17]: 0x0 0 0 0 0 0 0 0 0 0 2 0 0 0 0 0 
SO[17]: 0x0 0 0 0 0 0 0 0 0 0 2 0 0 0 0 0   w: 2.000000

PO[18]: 0x0 0 0 0 0 0 0 0 0 0 2 0 0 0 0 0 
SO[18]: 0x0 0 0 0 0 0 0 0 0 0 2 0 0 0 0 0   w: 2.000000

PO[19]: 0x0 0 0 0 0 0 0 0 0 0 2 0 0 0 0 0 
SO[19]: 0x0 0 0 0 0 0 0 0 0 0 2 0 0 0 0 0   w: 2.000000

PO[20]: 0x0 0 0 0 0 0 0 0 0 0 2 0 0 0 0 0 
SO[20]: 0x0 0 0 0 0 0 0 0 0 0 2 0 0 0 0 0   w: 2.000000

PO[21]: 0x0 0 0 0 0 0 0 0 0 0 2 0 0 0 0 0 
SO[21]: 0x0 0 0 0 0 0 0 0 0 0 2 0 0 0 0 0   w: 2.000000

PO[22]: 0x0 0 0 0 0 0 0 0 0 0 2 0 0 0 0 0 
SO[22]: 0x0 0 0 0 0 0 0 0 0 0 2 0 0 0 0 0   w: 2.000000

PO[23]: 0x0 0 0 0 0 0 0 0 0 0 2 0 0 0 0 0 
SO[23]: 0x0 0 0 0 0 0 0 0 0 0 2 0 0 0 0 0   w: 2.000000

PO[24]: 0x0 0 0 0 0 0 0 0 0 0 2 0 0 0 0 0 
SO[24]: 0x0 0 0 0 0 0 0 0 0 0 2 0 0 0 0 0   w: 2.000000

PO[25]: 0x0 0 0 0 0 0 0 0 0 0 2 0 0 0 0 0 
SO[25]: 0x0 0 0 0 0 0 0 0 0 0 2 0 0 0 0 0   w: 2.000000

PO[26]: 0x0 0 0 0 0 0 0 0 0 0 2 0 0 0 0 0 
SO[26]: 0x0 0 0 0 0 0 0 0 0 0 2 0 0 0 0 0   w: 2.000000

PO[27]: 0x0 0 0 0 0 0 0 0 0 0 2 0 0 0 0 0 
SO[27]: 0x0 0 0 0 0 0 0 0 0 0 2 0 0 0 0 0   w: 2.000000

PO[28]: 0x0 0 0 0 0 0 0 0 0 0 2 0 0 0 0 0 
SO[28]: 0x0 0 0 0 0 0 0 0 0 0 2 0 0 0 0 0   w: 2.000000

PO[29]: 0x0 0 0 0 0 0 0 0 0 0 2 0 0 0 0 0 
SO[29]: 0x0 0 0 0 0 0 0 0 0 0 2 0 0 0 0 0   w: 2.000000

PO[30]: 0x0 0 0 0 0 0 0 0 0 0 2 0 0 0 0 0 
SO[30]: 0x0 0 0 0 0 0 0 0 0 0 b 0 0 0 0 0   w: 1.000000




RNUM_31:  Bn:60.000000 NP:1
PO[01]: 0x0 0 0 0 0 0 0 0 0 0 a 0 0 0 0 0 
SO[01]: 0x0 0 0 0 0 0 0 0 0 0 2 0 0 0 0 0   w: 1.000000

PO[02]: 0x0 0 0 0 0 0 0 0 0 0 2 0 0 0 0 0 
SO[02]: 0x0 0 0 0 0 0 0 0 0 0 2 0 0 0 0 0   w: 2.000000

PO[03]: 0x0 0 0 0 0 0 0 0 0 0 2 0 0 0 0 0 
SO[03]: 0x0 0 0 0 0 0 0 0 0 0 2 0 0 0 0 0   w: 2.000000

PO[04]: 0x0 0 0 0 0 0 0 0 0 0 2 0 0 0 0 0 
SO[04]: 0x0 0 0 0 0 0 0 0 0 0 2 0 0 0 0 0   w: 2.000000

PO[05]: 0x0 0 0 0 0 0 0 0 0 0 2 0 0 0 0 0 
SO[05]: 0x0 0 0 0 0 0 0 0 0 0 2 0 0 0 0 0   w: 2.000000

PO[06]: 0x0 0 0 0 0 0 0 0 0 0 2 0 0 0 0 0 
SO[06]: 0x0 0 0 0 0 0 0 0 0 0 2 0 0 0 0 0   w: 2.000000

PO[07]: 0x0 0 0 0 0 0 0 0 0 0 2 0 0 0 0 0 
SO[07]: 0x0 0 0 0 0 0 0 0 0 0 2 0 0 0 0 0   w: 2.000000

PO[08]: 0x0 0 0 0 0 0 0 0 0 0 2 0 0 0 0 0 
SO[08]: 0x0 0 0 0 0 0 0 0 0 0 2 0 0 0 0 0   w: 2.000000

PO[09]: 0x0 0 0 0 0 0 0 0 0 0 2 0 0 0 0 0 
SO[09]: 0x0 0 0 0 0 0 0 0 0 0 2 0 0 0 0 0   w: 2.000000

PO[10]: 0x0 0 0 0 0 0 0 0 0 0 2 0 0 0 0 0 
SO[10]: 0x0 0 0 0 0 0 0 0 0 0 2 0 0 0 0 0   w: 2.000000

PO[11]: 0x0 0 0 0 0 0 0 0 0 0 2 0 0 0 0 0 
SO[11]: 0x0 0 0 0 0 0 0 0 0 0 2 0 0 0 0 0   w: 2.000000

PO[12]: 0x0 0 0 0 0 0 0 0 0 0 2 0 0 0 0 0 
SO[12]: 0x0 0 0 0 0 0 0 0 0 0 2 0 0 0 0 0   w: 2.000000

PO[13]: 0x0 0 0 0 0 0 0 0 0 0 2 0 0 0 0 0 
SO[13]: 0x0 0 0 0 0 0 0 0 0 0 2 0 0 0 0 0   w: 2.000000

PO[14]: 0x0 0 0 0 0 0 0 0 0 0 2 0 0 0 0 0 
SO[14]: 0x0 0 0 0 0 0 0 0 0 0 2 0 0 0 0 0   w: 2.000000

PO[15]: 0x0 0 0 0 0 0 0 0 0 0 2 0 0 0 0 0 
SO[15]: 0x0 0 0 0 0 0 0 0 0 0 2 0 0 0 0 0   w: 2.000000

PO[16]: 0x0 0 0 0 0 0 0 0 0 0 2 0 0 0 0 0 
SO[16]: 0x0 0 0 0 0 0 0 0 0 0 2 0 0 0 0 0   w: 2.000000

PO[17]: 0x0 0 0 0 0 0 0 0 0 0 2 0 0 0 0 0 
SO[17]: 0x0 0 0 0 0 0 0 0 0 0 2 0 0 0 0 0   w: 2.000000

PO[18]: 0x0 0 0 0 0 0 0 0 0 0 2 0 0 0 0 0 
SO[18]: 0x0 0 0 0 0 0 0 0 0 0 2 0 0 0 0 0   w: 2.000000

PO[19]: 0x0 0 0 0 0 0 0 0 0 0 2 0 0 0 0 0 
SO[19]: 0x0 0 0 0 0 0 0 0 0 0 2 0 0 0 0 0   w: 2.000000

PO[20]: 0x0 0 0 0 0 0 0 0 0 0 2 0 0 0 0 0 
SO[20]: 0x0 0 0 0 0 0 0 0 0 0 2 0 0 0 0 0   w: 2.000000

PO[21]: 0x0 0 0 0 0 0 0 0 0 0 2 0 0 0 0 0 
SO[21]: 0x0 0 0 0 0 0 0 0 0 0 2 0 0 0 0 0   w: 2.000000

PO[22]: 0x0 0 0 0 0 0 0 0 0 0 2 0 0 0 0 0 
SO[22]: 0x0 0 0 0 0 0 0 0 0 0 2 0 0 0 0 0   w: 2.000000

PO[23]: 0x0 0 0 0 0 0 0 0 0 0 2 0 0 0 0 0 
SO[23]: 0x0 0 0 0 0 0 0 0 0 0 2 0 0 0 0 0   w: 2.000000

PO[24]: 0x0 0 0 0 0 0 0 0 0 0 2 0 0 0 0 0 
SO[24]: 0x0 0 0 0 0 0 0 0 0 0 2 0 0 0 0 0   w: 2.000000

PO[25]: 0x0 0 0 0 0 0 0 0 0 0 2 0 0 0 0 0 
SO[25]: 0x0 0 0 0 0 0 0 0 0 0 2 0 0 0 0 0   w: 2.000000

PO[26]: 0x0 0 0 0 0 0 0 0 0 0 2 0 0 0 0 0 
SO[26]: 0x0 0 0 0 0 0 0 0 0 0 2 0 0 0 0 0   w: 2.000000

PO[27]: 0x0 0 0 0 0 0 0 0 0 0 2 0 0 0 0 0 
SO[27]: 0x0 0 0 0 0 0 0 0 0 0 2 0 0 0 0 0   w: 2.000000

PO[28]: 0x0 0 0 0 0 0 0 0 0 0 2 0 0 0 0 0 
SO[28]: 0x0 0 0 0 0 0 0 0 0 0 2 0 0 0 0 0   w: 2.000000

PO[29]: 0x0 0 0 0 0 0 0 0 0 0 2 0 0 0 0 0 
SO[29]: 0x0 0 0 0 0 0 0 0 0 0 2 0 0 0 0 0   w: 2.000000

PO[30]: 0x0 0 0 0 0 0 0 0 0 0 2 0 0 0 0 0 
SO[30]: 0x0 0 0 0 0 0 0 0 0 0 2 0 0 0 0 0   w: 2.000000

PO[31]: 0x0 0 0 0 0 0 0 0 0 0 2 0 0 0 0 0 
SO[31]: 0x0 0 0 0 0 0 0 0 0 0 b 0 0 0 0 0   w: 1.000000



